{"camera_angle_x":0.8575560548920328,"frames":[{"file_path":"./train/00","rotation":0.17453292519943295,"transform_matrix":[[0.17833625114829849,-0.44369888504380306,0.878252515474483,1.2517997578537945],[0.9839696039646606,0.08041670746592855,-0.15917591411381393,-0.22687822378302985],[-0.0,0.8925606156285552,0.45092743033527544,0.6427204456093947],[0.0,0.0,0.0,1.0]]},{"file_path":"./train/01","rotation":0.17453292519943295,"transform_matrix":[[0.348539309174313,-0.3751890203290268,0.8589258111064295,1.3340726701489694],[0.9372941640489888,0.13951662879278476,-0.31939749581047694,-0.49608413737840185],[-0.0,0.9163887326428897,0.40028950858742046,0.621724585113986],[0.0,0.0,0.0,1.0]]},{"file_path":"./train/02","rotation":0.17453292519943295,"transform_matrix":[[0.4880077949247806,-0.42939493309749127,0.7599134052790847,1.0120928199758847],[0.8728392704803407,0.24007635946244943,-0.4248705091373176,-0.565864990313539],[-0.0,0.8706223825846989,0.4919518949476079,0.6552075238982608],[0.0,0.0,0.0,1.0]]},{"file_path":"./train/03","rotation":0.17453292519943295,"transform_matrix":[[0.6260373013720975,-0.299777544952667,0.719868544133506,1.2407711984998657],[0.7797931118513048,0.24066886768026052,-0.5779283682592157,-0.996121972512624],[-0.0,0.9231532482051141,0.38443215308861334,0.6626103435368058],[0.0,0.0,0.0,1.0]]},{"file_path":"./train/04","rotation":0.17453292519943295,"transform_matrix":[[0.7837455781190679,-0.23030623928504126,0.5768031769374969,0.8714478638506848],[0.621082014534963,0.2906242532043599,-0.7278699572523928,-1.0996831237589049],[-0.0,0.9287069395647851,0.3708145363981981,0.5602353602570539],[0.0,0.0,0.0,1.0]]},{"file_path":"./train/05","rotation":0.17453292519943295,"transform_matrix":[[0.820016289323733,-0.2833704141022189,0.4972670245001901,0.6263977287169716],[0.5723401831461213,0.40599692686072747,-0.7124557601254335,-0.8974668497322097],[-0.0,0.8688312286003433,0.495108368146629,0.6236785107307996],[0.0,0.0,0.0,1.0]]},{"file_path":"./train/06","rotation":0.17453292519943295,"transform_matrix":[[0.9505734832270829,-0.1432299542673836,0.2754908949241225,0.42757802685946955],[0.31049968274626416,0.43848868161859905,-0.8433964803737636,-1.3090008039567294],[-0.0,0.887250165563775,0.4612885688016276,0.7159469140181669],[0.0,0.0,0.0,1.0]]},{"file_path":"./train/07","rotation":0.17453292519943295,"transform_matrix":[[0.9883805318984464,-0.06553522322095248,0.13714612164229822,0.1935843568583176],[0.1519997505397431,0.4261437177048008,-0.8917945994995635,-1.2587850237873555],[-0.0,0.9022785968746632,0.43115349195140357,0.6085813470126475],[0.0,0.0,0.0,1.0]]},{"file_path":"./train/08","rotation":0.17453292519943295,"transform_matrix":[[0.9997144634275659,-0.01091742606402339,0.02125562094766333,0.02898305146479324],[0.023895430812901478,0.456752959386381,-0.8892725917726515,-1.2125655306442693],[-0.0,0.8895265841445772,0.4568834163110765,0.6229822972925281],[0.0,0.0,0.0,1.0]]},{"file_path":"./train/09","rotation":0.17453292519943295,"transform_matrix":[[0.9826805960933137,0.0831634049826129,-0.16559798952097082,-0.19875504572615585],[-0.18530743660654758,0.44101340927283716,-0.8781619023732806,-1.0539929232598944],[0.0,0.8936392006359428,0.44878611730617635,0.5386448562840626],[0.0,0.0,0.0,1.0]]},{"file_path":"./train/10","rotation":0.17453292519943295,"transform_matrix":[[0.9287809263926006,0.1821198830353612,-0.3227976749799929,-0.48538832402981885],[-0.37062918229586667,0.456384660895552,-0.808917208699351,-1.2163624419965016],[0.0,0.8709451127955414,0.49138031146715844,0.7388847080731835],[0.0,0.0,0.0,1.0]]},{"file_path":"./train/11","rotation":0.17453292519943295,"transform_matrix":[[0.8290436006918812,0.24096789284922768,-0.5046000225600904,-0.6543053484376747],[-0.5591839662864455,0.35725790005310026,-0.7481176944156637,-0.9700701284822848],[0.0,0.9023864291230516,0.4309277579067608,0.5587759099932897],[0.0,0.0,0.0,1.0]]},{"file_path":"./train/12","rotation":0.17453292519943295,"transform_matrix":[[0.7896124699701513,0.30647868054658406,-0.5315853324143376,-0.8100829115189782],[-0.613605856611259,0.3943889800466757,-0.6840651907165763,-1.0424469743129485],[0.0,0.8663302781203989,0.4994715699735394,0.7611447475186335],[0.0,0.0,0.0,1.0]]},{"file_path":"./train/13","rotation":0.17453292519943295,"transform_matrix":[[0.5743193602001634,0.3142452322244777,-0.7559148143299343,-1.17177857123439],[-0.8186313410194329,0.22046202200415094,-0.5303199264166549,-0.8220734848601664],[0.0,0.9233885589923807,0.38386660329074557,0.5950494042736156],[0.0,0.0,0.0,1.0]]},{"file_path":"./train/14","rotation":0.17453292519943295,"transform_matrix":[[0.45386361251161905,0.3086838333500004,-0.835895993689557,-1.0550183549108014],[-0.8910711650804906,0.15722690310095544,-0.4257603547811607,-0.5373694723727578],[0.0,0.9380799496682742,0.34641883325011075,0.4372293088192331],[0.0,0.0,0.0,1.0]]},{"file_path":"./train/15","rotation":0.17453292519943295,"transform_matrix":[[0.2855643800917006,0.4767483858548754,-0.8313627135057318,-1.1930630735425813],[-0.9583595279553716,0.14205770725400058,-0.2477228753807244,-0.35549948330283787],[0.0,0.8674852070176802,0.4974629791306007,0.7138938290273846],[0.0,0.0,0.0,1.0]]},{"file_path":"./train/16","rotation":0.17453292519943295,"transform_matrix":[[0.19087733256448702,0.4022606558682015,-0.8954061696534991,-1.2350099001144077],[-0.9816138975753482,0.07822061319366108,-0.17411401941986587,-0.24015083324192316],[0.0,0.9121775596955299,0.40979519224596567,0.5652196026736154],[0.0,0.0,0.0,1.0]]},{"file_path":"./train/17","rotation":0.17453292519943295,"transform_matrix":[[0.04857413999092913,0.47374986538145,-0.8793188374959333,-1.4226523406644827],[-0.9988195797661065,0.023039188205652816,-0.04276263418783844,-0.06918578225112657],[0.0,0.8803580299275304,0.47430975020772814,0.7673870359181646],[0.0,0.0,0.0,1.0]]},{"file_path":"./train/18","rotation":0.17453292519943295,"transform_matrix":[[-0.11120152146523271,0.4437306296234422,-0.8892341367479101,-1.1927963942236206],[-0.9937978776510933,-0.049651465599301836,0.09950130823272606,0.13346856218833483],[0.0,0.8947836946982354,0.4464998764861812,0.5989237487460419],[0.0,0.0,0.0,1.0]]},{"file_path":"./train/19","rotation":0.17453292519943295,"transform_matrix":[[-0.41133519241352445,0.3349381704528322,-0.847714445704353,-1.2929389833526435],[-0.9114841520740384,-0.15115112695745322,0.38255715564783654,0.583478389927186],[0.0,0.9300375039713191,0.3674646121829946,0.5604591552043134],[0.0,0.0,0.0,1.0]]},{"file_path":"./train/20","rotation":0.17453292519943295,"transform_matrix":[[-0.5561302050664803,0.39043730589277975,-0.7336742500455515,-0.8791756124886688],[-0.8310951780709082,-0.26126246995651564,0.49094065504855694,0.5883033935988692],[0.0,0.8827800586552739,0.46978651325957765,0.5629539887876152],[0.0,0.0,0.0,1.0]]},{"file_path":"./train/21","rotation":0.17453292519943295,"transform_matrix":[[-0.7048356239037444,0.2793207043485279,-0.6520634074984284,-1.0989228784292617],[-0.7093706670537057,-0.2775349927230961,0.6478947326055149,1.0918974079613954],[0.0,0.9192139424184302,0.39375846411673077,0.6636013918540364],[0.0,0.0,0.0,1.0]]},{"file_path":"./train/22","rotation":0.17453292519943295,"transform_matrix":[[-0.778399706115469,0.2174862684036532,-0.5888918581328879,-0.7049832396057052],[-0.6277689841966958,-0.2696712511628489,0.7301941651211081,0.8741412212768261],[0.0,0.9380709671192887,0.34644315644544377,0.4147393369378547],[0.0,0.0,0.0,1.0]]},{"file_path":"./train/23","rotation":0.17453292519943295,"transform_matrix":[[-0.8421905762544327,0.237735751464615,-0.48393878305399474,-0.6079647336322941],[-0.5391799637117709,-0.37133948402670164,0.7559047256993148,0.9496312990477996],[0.0,0.8975459320159263,0.44092096788615326,0.5539221244102885],[0.0,0.0,0.0,1.0]]},{"file_path":"./train/24","rotation":0.17453292519943295,"transform_matrix":[[-0.9544029944562804,0.12737104302395225,-0.26998433578983017,-0.4357124572724387],[-0.2985212290154341,-0.4072182915433284,0.8631676192140479,1.393017425642515],[0.0,0.9044058162304814,0.42667331715081114,0.6885839466371193],[0.0,0.0,0.0,1.0]]},{"file_path":"./train/25","rotation":0.17453292519943295,"transform_matrix":[[-0.9754179835403433,0.078576581699813,-0.20587733773891512,-0.24796471216114122],[-0.2203627858466368,-0.34781286041857506,0.9112993233517505,1.097595669777531],[0.0,0.9342654520722798,0.356578273404562,0.4294733451420861],[0.0,0.0,0.0,1.0]]},{"file_path":"./train/26","rotation":0.17453292519943295,"transform_matrix":[[-0.9992546060081117,0.01824890007263061,-0.03401778972409277,-0.047956650785322685],[-0.03860352796796491,-0.4723738583502119,0.8805525001814262,1.2413607436533605],[0.0,0.8812093483352711,0.47272622563861094,0.6664267932715938],[0.0,0.0,0.0,1.0]]},{"file_path":"./train/27","rotation":0.17453292519943295,"transform_matrix":[[-0.9879727152467536,-0.06619414899163165,0.13974350992883702,0.18930383431051484],[0.15462830894747992,-0.4229368707312395,0.8928686854449033,1.2095264086080468],[-0.0,0.903738202144482,0.4280855778751014,0.5799070121113824],[0.0,0.0,0.0,1.0]]},{"file_path":"./train/28","rotation":0.17453292519943295,"transform_matrix":[[-0.9404064204016535,-0.14837706931029135,0.3059738710580328,0.4093996774599315],[0.34005259073759264,-0.41033284974280193,0.846162625004557,1.132183949425573],[-0.0,0.8997839728094962,0.4363356532248538,0.5838265701473658],[0.0,0.0,0.0,1.0]]},{"file_path":"./train/29","rotation":0.17453292519943295,"transform_matrix":[[-0.8906136635511981,-0.160174560967582,0.4256188580346925,0.6741234131088072],[0.45476070883038405,-0.3136894849995708,0.8335416034636728,1.3202185478570063],[-0.0,0.935918274754557,0.3522172383351695,0.5578650531572757],[0.0,0.0,0.0,1.0]]},{"file_path":"./train/30","rotation":0.17453292519943295,"transform_matrix":[[-0.7787039785925194,-0.2921370068380112,0.5552261547873163,0.8909651656238348],[0.6273915155022269,-0.36259376146769373,0.6891339858260715,1.1058455559496014],[-0.0,0.8849755552445712,0.4656374841221044,0.7472032334651714],[0.0,0.0,0.0,1.0]]},{"file_path":"./train/31","rotation":0.17453292519943295,"transform_matrix":[[-0.6186864127908053,-0.2958456150601598,0.7278066327519426,0.8342834127728634],[0.785638035375099,-0.23297708878627577,0.573144443812052,0.6569944282965827],[-0.0,0.9263892530412621,0.3765673271138276,0.431658438746814],[0.0,0.0,0.0,1.0]]},{"file_path":"./train/32","rotation":0.17453292519943295,"transform_matrix":[[-0.48213645825377244,-0.42328432429597307,0.7670559408725088,1.3115241799901165],[0.8760961337789982,-0.23294339180577026,0.42212905679604085,0.7217628279297131],[-0.0,0.8755385525602656,0.4831482619038126,0.8260944140348788],[0.0,0.0,0.0,1.0]]},{"file_path":"./train/33","rotation":0.17453292519943295,"transform_matrix":[[-0.3823307244413096,-0.4388340054163655,0.8131715273166005,0.9814126021980275],[0.9240255500516116,-0.18157476618579352,0.3364630546380851,0.4060755583579312],[-0.0,0.8800314312425459,0.4749154451322849,0.5731730479661068],[0.0,0.0,0.0,1.0]]},{"file_path":"./train/34","rotation":0.17453292519943295,"transform_matrix":[[-0.19373105557830456,-0.3472066576258605,0.9175597065067724,1.078983119330691],[0.9810546764092793,-0.06856367326219363,0.18119256222118854,0.21306920366984894],[-0.0,0.9352788672952435,0.35391162793969677,0.4161741950674448],[0.0,0.0,0.0,1.0]]},{"file_path":"./train/35","rotation":0.17453292519943295,"transform_matrix":[[-0.04745483776829301,-0.4647000160604734,0.8841956420644589,1.527363137858861],[0.9988733845550121,-0.022077136315827438,0.042006686130988506,0.07256251997609552],[-0.0,0.8851929140732477,0.4652241447673496,0.803630074335701],[0.0,0.0,0.0,1.0]]}]}