{"camera_angle_x":0.8575560548920328,"frames":[{"file_path":"./train/00","rotation":0.17453292519943295,"transform_matrix":[[0.20105693514810405,-0.35367495006811284,0.9135043177364675,1.2159594624976722],[0.9795795571717751,0.0725911448220271,-0.1874951115751459,-0.24957348385257025],[-0.0,0.932547347531344,0.3610477040672806,0.480588174187831],[0.0,0.0,0.0,1.0]]},{"file_path":"./train/01","rotation":0.17453292519943295,"transform_matrix":[[0.2914998803976654,-0.3780462828540374,0.8786972332654701,1.1407645808663518],[0.9565708649797707,0.11520364070367581,-0.2677691196543612,-0.34763000950427936],[-0.0,0.9185908388335166,0.39520990727857075,0.5130794170768274],[0.0,0.0,0.0,1.0]]},{"file_path":"./train/02","rotation":0.17453292519943295,"transform_matrix":[[0.5222754186820536,-0.31693663150047113,0.791694106744278,0.9327426669973531],[0.8527768682606756,0.1941049506305205,-0.48486583824831136,-0.5712497431153902],[-0.0,0.92837192964558,0.371652472406874,0.43786623565321026],[0.0,0.0,0.0,1.0]]},{"file_path":"./train/03","rotation":0.17453292519943295,"transform_matrix":[[0.6788720936517859,-0.31711124391204976,0.6622485480885506,0.8810961011741781],[0.7342565494844706,0.29319176550245873,-0.6122956052273366,-0.8146356410882664],[-0.0,0.901930733275069,0.4318807154457076,0.574600602220794],[0.0,0.0,0.0,1.0]]},{"file_path":"./train/04","rotation":0.17453292519943295,"transform_matrix":[[0.7743910319560083,-0.2537708567363511,0.5795850946128678,0.7370940810673812],[0.6327073017012752,0.3105984000816964,-0.7093730360258853,-0.9021534041912015],[-0.0,0.9160398387286378,0.4010872895792276,0.5100874226892923],[0.0,0.0,0.0,1.0]]},{"file_path":"./train/05","rotation":0.17453292519943295,"transform_matrix":[[0.8364744467628888,-0.20403672951483542,0.5086054589970588,0.6456499546656811],[0.5480059305452076,0.3114409916520997,-0.7763336968121619,-0.9855179634536946],[-0.0,0.9281021073823972,0.37232576901465386,0.4726494999861302],[0.0,0.0,0.0,1.0]]},{"file_path":"./train/06","rotation":0.17453292519943295,"transform_matrix":[[0.933946352144949,-0.15325237389970217,0.3228899521652055,0.4370532140823192],[0.3574132220765522,0.40045943104624315,-0.8437345748343944,-1.142051356169417],[-0.0,0.9034079665246622,0.42878204955405363,0.580385272572745],[0.0,0.0,0.0,1.0]]},{"file_path":"./train/07","rotation":0.17453292519943295,"transform_matrix":[[0.9831727885162065,-0.08597322435118744,0.16118273051393286,0.2447183913104717],[0.18267804444231034,0.46270768324203204,-0.867485061512603,-1.317073783663686],[-0.0,0.882332252931656,0.4706270236998172,0.7145373935522141],[0.0,0.0,0.0,1.0]]},{"file_path":"./train/08","rotation":0.17453292519943295,"transform_matrix":[[0.9988766991378939,0.017979518550891437,-0.043841496690504286,-0.0724744953647617],[-0.047385017878917676,0.3790084492126644,-0.924179233431495,-1.5277631610612215],[0.0,0.925218532206359,0.3794346685029067,0.6272444647082485],[0.0,0.0,0.0,1.0]]},{"file_path":"./train/09","rotation":0.17453292519943295,"transform_matrix":[[0.9961556816750929,0.03131052705509346,-0.08181386656284642,-0.1154495886341946],[-0.08760055859656934,0.3560497777852589,-0.9303519215182161,-1.3128428118209408],[0.0,0.9339422929895616,0.3574238287599191,0.5043696836732884],[0.0,0.0,0.0,1.0]]},{"file_path":"./train/10","rotation":0.17453292519943295,"transform_matrix":[[0.9383814469629401,0.17183680777007904,-0.29985391691810137,-0.37528898280699946],[-0.3456013020747155,0.46657368287900447,-0.8141675125236718,-1.018989849290405],[0.0,0.8676295925912803,0.4972111121645301,0.6222958647411253],[0.0,0.0,0.0,1.0]]},{"file_path":"./train/11","rotation":0.17453292519943295,"transform_matrix":[[0.8851456192714098,0.20522070175799606,-0.4176142912480224,-0.5432403447970587],[-0.46531412259314936,0.39038188682642205,-0.7944084275441758,-1.0333810818569082],[0.0,0.89748896706745,0.4410369077437871,0.5737089147858468],[0.0,0.0,0.0,1.0]]},{"file_path":"./train/12","rotation":0.17453292519943295,"transform_matrix":[[0.749935066798906,0.3115312123833643,-0.5835629351631848,-0.8509573750785263],[-0.661511447811238,0.35317329933091063,-0.6615672490793347,-0.9647040546827176],[0.0,0.8821660412590535,0.47093850516742614,0.6867272920076982],[0.0,0.0,0.0,1.0]]},{"file_path":"./train/13","rotation":0.17453292519943295,"transform_matrix":[[0.627041593114989,0.35120149010674906,-0.6953246391798695,-0.9500473739233869],[-0.7789857768302427,0.28269828334604374,-0.5596988834090911,-0.7647369651647078],[0.0,0.8926024837182558,0.4508445475549205,0.6160053222872045],[0.0,0.0,0.0,1.0]]},{"file_path":"./train/14","rotation":0.17453292519943295,"transform_matrix":[[0.49784053828737673,0.4209496245544537,-0.758258670919891,-1.2544836176989993],[-0.8672685849480165,0.24163885481061165,-0.43526528164796374,-0.7201146338598204],[0.0,0.8743066266666865,0.4853740027718001,0.8030158549924987],[0.0,0.0,0.0,1.0]]},{"file_path":"./train/15","rotation":0.17453292519943295,"transform_matrix":[[0.4058670114006608,0.3714305114079398,-0.835051701544241,-1.434606925700411],[-0.9139321468559336,0.16494812238169695,-0.37083709073669646,-0.6370928383160367],[0.0,0.9136911360618473,0.4064092861660656,0.6982053632423006],[0.0,0.0,0.0,1.0]]},{"file_path":"./train/16","rotation":0.17453292519943295,"transform_matrix":[[0.22873891520165687,0.3467834151068648,-0.9096261713908572,-1.5035068624969254],[-0.9734878061241288,0.08148315950385486,-0.21373344624765708,-0.35327666824615733],[0.0,0.934399142617377,0.35622779548473016,0.5888033479781059],[0.0,0.0,0.0,1.0]]},{"file_path":"./train/17","rotation":0.17453292519943295,"transform_matrix":[[0.05853236114387212,0.46987136149312553,-0.8807921811344149,-1.449246504770617],[-0.9982855116142493,0.02754991423005437,-0.05164338802783294,-0.08497350589267766],[0.0,0.8823048826083381,0.4706783340302449,0.7744493480698733],[0.0,0.0,0.0,1.0]]},{"file_path":"./train/18","rotation":0.17453292519943295,"transform_matrix":[[-0.13095416350285555,0.48423568242005477,-0.8650819677536061,-1.4062435623394922],[-0.9913884239092503,-0.06396350532266994,0.11427013137985534,0.1857530761366858],[0.0,0.8725963980317708,0.48844193732927904,0.7939921944385775],[0.0,0.0,0.0,1.0]]},{"file_path":"./train/19","rotation":0.17453292519943295,"transform_matrix":[[-0.331045432083963,0.368007227609206,-0.8688956222261269,-1.4997070094524816],[-0.9436148164883499,-0.12910682361611162,0.3048319310692631,0.5261375152958657],[0.0,0.9208160014482504,0.389997296755831,0.6731322665819877],[0.0,0.0,0.0,1.0]]},{"file_path":"./train/20","rotation":0.17453292519943295,"transform_matrix":[[-0.48737533680656653,0.40952632221614343,-0.771202614417771,-1.1906928017669078],[-0.8731925796023955,-0.2285784761388275,0.4304492991902364,0.6645891397273952],[0.0,0.8831987724505571,0.4689988575058889,0.7241074566257298],[0.0,0.0,0.0,1.0]]},{"file_path":"./train/21","rotation":0.17453292519943295,"transform_matrix":[[-0.5999889344520773,0.2942440737584772,-0.7439312492381784,-1.1850161330804863],[-0.8000082990413667,-0.22067669609769702,0.5579323590403624,0.8887364891682429],[0.0,0.929904414903715,0.36780127670058393,0.5858746317003404],[0.0,0.0,0.0,1.0]]},{"file_path":"./train/22","rotation":0.17453292519943295,"transform_matrix":[[-0.7403566226706414,0.2555841783671121,-0.6217304874590996,-0.8512789288841006],[-0.6722143045693996,-0.2814927290563042,0.6847552644709733,0.9375730157111626],[0.0,0.9248992222165842,0.3802123469104569,0.5205901366510295],[0.0,0.0,0.0,1.0]]},{"file_path":"./train/23","rotation":0.17453292519943295,"transform_matrix":[[-0.8405390614030793,0.20616800776266442,-0.5009878629575814,-0.6918764425522836],[-0.5417509448590103,-0.3198744097830262,0.7772942015159576,1.073462226782355],[0.0,0.9247567866964451,0.38055864917101206,0.5255607647190366],[0.0,0.0,0.0,1.0]]},{"file_path":"./train/24","rotation":0.17453292519943295,"transform_matrix":[[-0.9356391099378693,0.12309102380158686,-0.33079911700932485,-0.5625215889592463],[-0.35295815042958256,-0.32629583935343837,0.8768988363921822,1.4911603491067955],[0.0,0.937219091290885,0.34874112880457286,0.5930318547526824],[0.0,0.0,0.0,1.0]]},{"file_path":"./train/25","rotation":0.17453292519943295,"transform_matrix":[[-0.983548551745768,0.08904231307961191,-0.1571741481295022,-0.1856324223120322],[-0.18064397681296304,-0.4848068538937357,0.855762857372798,1.0107090385366018],[0.0,0.8700768821771386,0.49291603656293187,0.5821644268638357],[0.0,0.0,0.0,1.0]]},{"file_path":"./train/26","rotation":0.17453292519943295,"transform_matrix":[[-0.9990685727441313,-0.01483326805417403,0.04052111935568092,0.05991378149594736],[0.04315074686496537,-0.3434344251419404,0.938184847816474,1.3871828535014143],[-0.0,0.9390595134421769,0.34375460755274545,0.5082692376871096],[0.0,0.0,0.0,1.0]]},{"file_path":"./train/27","rotation":0.17453292519943295,"transform_matrix":[[-0.9741899595381294,-0.08410071552796329,0.20947790428296376,0.3060126765262109],[0.22572975598068132,-0.3629564578288302,0.904051263471962,1.32066982338269],[-0.0,0.9280030599992832,0.37257257096029867,0.5442670912241168],[0.0,0.0,0.0,1.0]]},{"file_path":"./train/28","rotation":0.17453292519943295,"transform_matrix":[[-0.964968235207981,-0.1004776150724472,0.24236450628948875,0.31093510930028223],[0.2623667376776151,-0.36955030105037034,0.8914012956878546,1.1435996282972931],[-0.0,0.9237623200060359,0.38296628590133913,0.49131642990176727],[0.0,0.0,0.0,1.0]]},{"file_path":"./train/29","rotation":0.17453292519943295,"transform_matrix":[[-0.8389755229596663,-0.24480182034532624,0.48599602943868697,0.6126718120289106],[0.5441691574083876,-0.37742443218178,0.7492868116533925,0.9445898336973239],[-0.0,0.8930973444971582,0.44986346067681965,0.5671212210042049],[0.0,0.0,0.0,1.0]]},{"file_path":"./train/30","rotation":0.17453292519943295,"transform_matrix":[[-0.7168696363652041,-0.3105321050513274,0.6242337192030013,0.9216385932287696],[0.6972072320749549,-0.3192896272251147,0.6418381489821458,0.9476303354194363],[-0.0,0.8953345439995257,0.4453942683972947,0.6575943181697098],[0.0,0.0,0.0,1.0]]},{"file_path":"./train/31","rotation":0.17453292519943295,"transform_matrix":[[-0.583699408375682,-0.3098570975357491,0.7505222047138913,0.992124771995088],[0.8119698274331866,-0.2227464597845604,0.53952665735028,0.7132070957353931],[-0.0,0.9243227757445808,0.3816115908090758,0.5044571768086018],[0.0,0.0,0.0,1.0]]},{"file_path":"./train/32","rotation":0.17453292519943295,"transform_matrix":[[-0.5711932755681185,-0.34300994048606115,0.7457093419513479,0.9275402227312707],[0.8208155955790335,-0.2386954786360339,0.5189279589046549,0.6454613446633077],[-0.0,0.9084980182732726,0.41788916089501116,0.5197856370677345],[0.0,0.0,0.0,1.0]]},{"file_path":"./train/33","rotation":0.17453292519943295,"transform_matrix":[[-0.3349440228937449,-0.41754661293511275,0.8446699518475661,1.0980591039392262],[0.9422380280628427,-0.14842825073582833,0.300260808058174,0.39033484395089124],[-0.0,0.8964507127611184,0.4431434526088395,0.5760802801423809],[0.0,0.0,0.0,1.0]]},{"file_path":"./train/34","rotation":0.17453292519943295,"transform_matrix":[[-0.19146911669416147,-0.39201320173311416,0.8998139957898579,1.2755562217436907],[0.9814986384872664,-0.07647328129152904,0.17553421289352425,0.24883337937933875],[-0.0,0.9167755924518602,0.3994026953896788,0.5661843397293457],[0.0,0.0,0.0,1.0]]},{"file_path":"./train/35","rotation":0.17453292519943295,"transform_matrix":[[0.0703373015480615,-0.3898786051788628,0.9181760927157282,1.0750047972693348],[0.9975232648970835,0.02749109718501911,-0.06474237842886814,-0.07580067478320626],[-0.0,0.9204558179507305,0.39084662874412995,0.45760503266182356],[0.0,0.0,0.0,1.0]]}]}