{
    "camera_angle_x": 0.8575560548920328,
    "frames": [
        {
            "file_path": "./train/00",
            "rotation": 0.17453292519943295,
            "transform_matrix": [
                [
                    0.1772589186210976,
                    -0.4386318493041884,
                    0.8810115643652283,
                    1.054737604859008
                ],
                [
                    0.984164252434155,
                    0.07900247045971079,
                    -0.15867997319127397,
                    -0.18996996365586127
                ],
                [
                    -0.0,
                    0.8951875280840603,
                    0.44568967854635105,
                    0.5335749076109549
                ],
                [
                    0.0,
                    0.0,
                    0.0,
                    1.0
                ]
            ]
        },
        {
            "file_path": "./train/01",
            "rotation": 0.17453292519943295,
            "transform_matrix": [
                [
                    0.40235004361532184,
                    -0.33758671682427294,
                    0.8509698296805575,
                    1.3320352722986213
                ],
                [
                    0.915485905081421,
                    0.14836714523324016,
                    -0.3739956521305963,
                    -0.5854207551768171
                ],
                [
                    -0.0,
                    0.929528051668774,
                    0.36875140835100984,
                    0.5772118652170354
                ],
                [
                    0.0,
                    0.0,
                    0.0,
                    1.0
                ]
            ]
        },
        {
            "file_path": "./train/02",
            "rotation": 0.17453292519943295,
            "transform_matrix": [
                [
                    0.45264826513417106,
                    -0.3514401247256397,
                    0.8195116758191137,
                    1.2444325336863253
                ],
                [
                    0.8916891543980028,
                    0.1784015898040105,
                    -0.41600880361402975,
                    -0.6317114261975347
                ],
                [
                    -0.0,
                    0.9190553364668682,
                    0.3941285177600976,
                    0.5984861038910837
                ],
                [
                    0.0,
                    0.0,
                    0.0,
                    1.0
                ]
            ]
        },
        {
            "file_path": "./train/03",
            "rotation": 0.17453292519943295,
            "transform_matrix": [
                [
                    0.6482817702690578,
                    -0.37176257762792186,
                    0.6644722207980256,
                    1.1584668651480272
                ],
                [
                    0.7614005163754597,
                    0.3165310460934499,
                    -0.5657537896666444,
                    -0.9863572902620301
                ],
                [
                    -0.0,
                    0.8726973603342855,
                    0.48826152548155,
                    0.8512542452379457
                ],
                [
                    0.0,
                    0.0,
                    0.0,
                    1.0
                ]
            ]
        },
        {
            "file_path": "./train/04",
            "rotation": 0.17453292519943295,
            "transform_matrix": [
                [
                    0.8017743764699353,
                    -0.22591627209287318,
                    0.5532808393934362,
                    0.6801014938386528
                ],
                [
                    0.5976268478208174,
                    0.30308858922948495,
                    -0.7422799053205159,
                    -0.9124221128068322
                ],
                [
                    -0.0,
                    0.9257964922608745,
                    0.3780222942069165,
                    0.4646709386796969
                ],
                [
                    0.0,
                    0.0,
                    0.0,
                    1.0
                ]
            ]
        },
        {
            "file_path": "./train/05",
            "rotation": 0.17453292519943295,
            "transform_matrix": [
                [
                    0.8685761911009678,
                    -0.18876274849857394,
                    0.4581964917279476,
                    0.6208582014295405
                ],
                [
                    0.49555564798772606,
                    0.33085049031002495,
                    -0.8030956062693165,
                    -1.0881979733279605
                ],
                [
                    -0.0,
                    0.9246115821472712,
                    0.3809113048455241,
                    0.5161364434256465
                ],
                [
                    0.0,
                    0.0,
                    0.0,
                    1.0
                ]
            ]
        },
        {
            "file_path": "./train/06",
            "rotation": 0.17453292519943295,
            "transform_matrix": [
                [
                    0.9323526342823331,
                    -0.13784196562965625,
                    0.3342426631328605,
                    0.5425494608943273
                ],
                [
                    0.36155022520639396,
                    0.35546187171118376,
                    -0.8619328816171175,
                    -1.3991069119221777
                ],
                [
                    -0.0,
                    0.9244709028795522,
                    0.3812526061931451,
                    0.6188569526578555
                ],
                [
                    0.0,
                    0.0,
                    0.0,
                    1.0
                ]
            ]
        },
        {
            "file_path": "./train/07",
            "rotation": 0.17453292519943295,
            "transform_matrix": [
                [
                    0.9886687032681012,
                    -0.07141973327242813,
                    0.13203566517220464,
                    0.1979933092930734
                ],
                [
                    0.1501139406523302,
                    0.47037906523113526,
                    -0.8696029782688834,
                    -1.3040080588378344
                ],
                [
                    -0.0,
                    0.879569642888827,
                    0.47577015806839057,
                    0.7134383572498528
                ],
                [
                    0.0,
                    0.0,
                    0.0,
                    1.0
                ]
            ]
        },
        {
            "file_path": "./train/08",
            "rotation": 0.17453292519943295,
            "transform_matrix": [
                [
                    0.9986501495261316,
                    -0.020304035079323074,
                    0.04780821070624402,
                    0.0778377482884826
                ],
                [
                    0.05194110945518017,
                    0.3903772537905924,
                    -0.9191886209432102,
                    -1.496554074073944
                ],
                [
                    -0.0,
                    0.9204310652528048,
                    0.39090491697801266,
                    0.6364421107374927
                ],
                [
                    0.0,
                    0.0,
                    0.0,
                    1.0
                ]
            ]
        },
        {
            "file_path": "./train/09",
            "rotation": 0.17453292519943295,
            "transform_matrix": [
                [
                    0.9917565251799009,
                    0.05453264491756473,
                    -0.11595337598096653,
                    -0.1887451034898951
                ],
                [
                    -0.12813662537732365,
                    0.4220737534881613,
                    -0.8974601672794879,
                    -1.4608562339662334
                ],
                [
                    0.0,
                    0.9049198512877865,
                    0.42558202822169355,
                    0.6927484713625622
                ],
                [
                    0.0,
                    0.0,
                    0.0,
                    1.0
                ]
            ]
        },
        {
            "file_path": "./train/10",
            "rotation": 0.17453292519943295,
            "transform_matrix": [
                [
                    0.9248344928068793,
                    0.18464884571278495,
                    -0.3325446807446759,
                    -0.4954614723222772
                ],
                [
                    -0.38036976866549516,
                    0.4489568720755446,
                    -0.8085521418569744,
                    -1.2046695011229736
                ],
                [
                    0.0,
                    0.8742668533080041,
                    0.485445639806272,
                    0.723270060709567
                ],
                [
                    0.0,
                    0.0,
                    0.0,
                    1.0
                ]
            ]
        },
        {
            "file_path": "./train/11",
            "rotation": 0.17453292519943295,
            "transform_matrix": [
                [
                    0.8729473080436037,
                    0.1893659688066343,
                    -0.44955925887178716,
                    -0.7108544106322692
                ],
                [
                    -0.48781451124318326,
                    0.3388716589909162,
                    -0.8044892798249822,
                    -1.2720786894816534
                ],
                [
                    0.0,
                    0.9215782813145441,
                    0.38819257000789054,
                    0.6138198582703076
                ],
                [
                    0.0,
                    0.0,
                    0.0,
                    1.0
                ]
            ]
        },
        {
            "file_path": "./train/12",
            "rotation": 0.17453292519943295,
            "transform_matrix": [
                [
                    0.8155687172926571,
                    0.23882265765758728,
                    -0.5270781778474394,
                    -0.6251691396643464
                ],
                [
                    -0.5786602348300858,
                    0.336598709989835,
                    -0.7428685220545888,
                    -0.8811187682124375
                ],
                [
                    0.0,
                    0.9108595098161658,
                    0.4127165533116574,
                    0.4895244451455272
                ],
                [
                    0.0,
                    0.0,
                    0.0,
                    1.0
                ]
            ]
        },
        {
            "file_path": "./train/13",
            "rotation": 0.17453292519943295,
            "transform_matrix": [
                [
                    0.6551828820468113,
                    0.2755306175646215,
                    -0.7034332021288819,
                    -0.9530775091740037
                ],
                [
                    -0.7554703111789597,
                    0.23895438568116448,
                    -0.6100536128004678,
                    -0.8265580526918939
                ],
                [
                    0.0,
                    0.9311195843435984,
                    0.36471402447918616,
                    0.4941488871430361
                ],
                [
                    0.0,
                    0.0,
                    0.0,
                    1.0
                ]
            ]
        },
        {
            "file_path": "./train/14",
            "rotation": 0.17453292519943295,
            "transform_matrix": [
                [
                    0.5396286031050433,
                    0.38759503742894535,
                    -0.7473761152668408,
                    -1.148841653094983
                ],
                [
                    -0.8419031836921034,
                    0.2484339917815547,
                    -0.47904027076706485,
                    -0.7363647370114456
                ],
                [
                    0.0,
                    0.8877221630036827,
                    0.46037958394357925,
                    0.7076801512182177
                ],
                [
                    0.0,
                    0.0,
                    0.0,
                    1.0
                ]
            ]
        },
        {
            "file_path": "./train/15",
            "rotation": 0.17453292519943295,
            "transform_matrix": [
                [
                    0.4162616692118834,
                    0.395412347780804,
                    -0.8187644948136241,
                    -0.9789484073516742
                ],
                [
                    -0.9092448640190037,
                    0.18102384784082443,
                    -0.37483882372022975,
                    -0.4481726696979239
                ],
                [
                    0.0,
                    0.9004884461976037,
                    0.4348799354587717,
                    0.5199602851653593
                ],
                [
                    0.0,
                    0.0,
                    0.0,
                    1.0
                ]
            ]
        },
        {
            "file_path": "./train/16",
            "rotation": 0.17453292519943295,
            "transform_matrix": [
                [
                    0.13778349691942893,
                    0.4188785267422642,
                    -0.8975279872020059,
                    -1.238199524439477
                ],
                [
                    -0.9904623708029769,
                    0.058270308797514415,
                    -0.12485536887130083,
                    -0.17224628152499652
                ],
                [
                    0.0,
                    0.9061707073983757,
                    0.42291210558829767,
                    0.5834353641178108
                ],
                [
                    0.0,
                    0.0,
                    0.0,
                    1.0
                ]
            ]
        },
        {
            "file_path": "./train/17",
            "rotation": 0.17453292519943295,
            "transform_matrix": [
                [
                    -0.04273822893640485,
                    0.4896383226695965,
                    -0.8708775785153063,
                    -1.3203948247728736
                ],
                [
                    -0.9990863044739325,
                    -0.020945412459946775,
                    0.03725380396017646,
                    0.056482944521295465
                ],
                [
                    0.0,
                    0.8716740231704664,
                    0.49008611215766273,
                    0.7430518159501136
                ],
                [
                    0.0,
                    0.0,
                    0.0,
                    1.0
                ]
            ]
        },
        {
            "file_path": "./train/18",
            "rotation": 0.17453292519943295,
            "transform_matrix": [
                [
                    -0.22766199651742447,
                    0.46600168113670076,
                    -0.8549926599213988,
                    -1.368837800132791
                ],
                [
                    -0.9737402196385339,
                    -0.10895192677513099,
                    0.1998986300860671,
                    0.32003643292297485
                ],
                [
                    0.0,
                    0.8780500616876894,
                    0.4785687925160236,
                    0.7661855871605529
                ],
                [
                    0.0,
                    0.0,
                    0.0,
                    1.0
                ]
            ]
        },
        {
            "file_path": "./train/19",
            "rotation": 0.17453292519943295,
            "transform_matrix": [
                [
                    -0.35213260007170916,
                    0.4644302240643842,
                    -0.8125928863473046,
                    -1.1443813592221035
                ],
                [
                    -0.9359501225849258,
                    -0.1747326256018934,
                    0.30572189581960074,
                    0.4305507032613386
                ],
                [
                    0.0,
                    0.8682010576622067,
                    0.4962125789157562,
                    0.6988203257295251
                ],
                [
                    0.0,
                    0.0,
                    0.0,
                    1.0
                ]
            ]
        },
        {
            "file_path": "./train/20",
            "rotation": 0.17453292519943295,
            "transform_matrix": [
                [
                    -0.5139721748804601,
                    0.34872752077242974,
                    -0.7837229865868197,
                    -1.210462722693718
                ],
                [
                    -0.8578068567274627,
                    -0.2089470851000931,
                    0.46958333890750925,
                    0.725273006755969
                ],
                [
                    0.0,
                    0.9136357216550199,
                    0.40653384621198635,
                    0.627892858541794
                ],
                [
                    0.0,
                    0.0,
                    0.0,
                    1.0
                ]
            ]
        },
        {
            "file_path": "./train/21",
            "rotation": 0.17453292519943295,
            "transform_matrix": [
                [
                    -0.6758464002206721,
                    0.34926430928849467,
                    -0.6490347337130654,
                    -1.0524194379751308
                ],
                [
                    -0.7370424976273479,
                    -0.32026515013458023,
                    0.5951458563247464,
                    0.9650378247759852
                ],
                [
                    0.0,
                    0.8805933657861076,
                    0.4738726876846718,
                    0.768391584825944
                ],
                [
                    0.0,
                    0.0,
                    0.0,
                    1.0
                ]
            ]
        },
        {
            "file_path": "./train/22",
            "rotation": 0.17453292519943295,
            "transform_matrix": [
                [
                    -0.7550912852002788,
                    0.3016719034883536,
                    -0.5820921006681886,
                    -0.901731289990648
                ],
                [
                    -0.6556196694842149,
                    -0.3474420245704965,
                    0.6704080015541009,
                    1.0385433359557514
                ],
                [
                    0.0,
                    0.8878502701514868,
                    0.4601324785232314,
                    0.7128010377551285
                ],
                [
                    0.0,
                    0.0,
                    0.0,
                    1.0
                ]
            ]
        },
        {
            "file_path": "./train/23",
            "rotation": 0.17453292519943295,
            "transform_matrix": [
                [
                    -0.8909684916927454,
                    0.21658091872542215,
                    -0.3990837662130675,
                    -0.6910090825151517
                ],
                [
                    -0.45406513498699086,
                    -0.42497597727195463,
                    0.783083821778354,
                    1.3559008885633814
                ],
                [
                    0.0,
                    0.878913035735504,
                    0.4769820495723092,
                    0.8258890898488411
                ],
                [
                    0.0,
                    0.0,
                    0.0,
                    1.0
                ]
            ]
        },
        {
            "file_path": "./train/24",
            "rotation": 0.17453292519943295,
            "transform_matrix": [
                [
                    -0.9479719560440204,
                    0.15430759556462362,
                    -0.27845706402448905,
                    -0.39207250948016303
                ],
                [
                    -0.3183538448865882,
                    -0.45948643482524,
                    0.8291700945267603,
                    1.1674862725638029
                ],
                [
                    0.0,
                    0.8746778733697652,
                    0.4847046707401786,
                    0.6824728159783544
                ],
                [
                    0.0,
                    0.0,
                    0.0,
                    1.0
                ]
            ]
        },
        {
            "file_path": "./train/25",
            "rotation": 0.17453292519943295,
            "transform_matrix": [
                [
                    -0.9750051103983387,
                    0.09882046730174103,
                    -0.1989963565982779,
                    -0.3346546178285513
                ],
                [
                    -0.22218243561794765,
                    -0.4336547142584585,
                    0.8732574386195009,
                    1.4685677636656673
                ],
                [
                    0.0,
                    0.8956439605354799,
                    0.44477173466433284,
                    0.7479780908025038
                ],
                [
                    0.0,
                    0.0,
                    0.0,
                    1.0
                ]
            ]
        },
        {
            "file_path": "./train/26",
            "rotation": 0.17453292519943295,
            "transform_matrix": [
                [
                    -0.9993475753301011,
                    0.01667687995379191,
                    -0.0320360009497879,
                    -0.05353490159113653
                ],
                [
                    -0.03611680608592069,
                    -0.4614472139713919,
                    0.8864321999093855,
                    1.4813041323023743
                ],
                [
                    0.0,
                    0.8870109077080436,
                    0.46174847006455005,
                    0.7716212439720008
                ],
                [
                    0.0,
                    0.0,
                    0.0,
                    1.0
                ]
            ]
        },
        {
            "file_path": "./train/27",
            "rotation": 0.17453292519943295,
            "transform_matrix": [
                [
                    -0.9744776077813376,
                    -0.0940913439721068,
                    0.20381415780628254,
                    0.3163440349284343
                ],
                [
                    0.22448472538852518,
                    -0.4084460874929376,
                    0.8847476485862792,
                    1.3732345390512446
                ],
                [
                    -0.0,
                    0.9079199373299577,
                    0.4191436357607804,
                    0.650561228809062
                ],
                [
                    0.0,
                    0.0,
                    0.0,
                    1.0
                ]
            ]
        },
        {
            "file_path": "./train/28",
            "rotation": 0.17453292519943295,
            "transform_matrix": [
                [
                    -0.9596789487453077,
                    -0.12186293530104296,
                    0.25330957410827365,
                    0.35210147430792715
                ],
                [
                    0.28109840863139224,
                    -0.416043954891539,
                    0.8648069797724264,
                    1.2020856836603533
                ],
                [
                    -0.0,
                    0.9011419713885381,
                    0.4335241024464258,
                    0.6026004984484384
                ],
                [
                    0.0,
                    0.0,
                    0.0,
                    1.0
                ]
            ]
        },
        {
            "file_path": "./train/29",
            "rotation": 0.17453292519943295,
            "transform_matrix": [
                [
                    -0.8359426788279455,
                    -0.23119929614998638,
                    0.4977416229066134,
                    0.6008655791582845
                ],
                [
                    0.5488167615096667,
                    -0.3521564436827991,
                    0.7581464248143133,
                    0.9152220141298182
                ],
                [
                    -0.0,
                    0.9069358988552799,
                    0.42126864987507145,
                    0.508548651829154
                ],
                [
                    0.0,
                    0.0,
                    0.0,
                    1.0
                ]
            ]
        },
        {
            "file_path": "./train/30",
            "rotation": 0.17453292519943295,
            "transform_matrix": [
                [
                    -0.7509772208356407,
                    -0.32614778592516913,
                    0.5741609839775664,
                    0.7970478607328356
                ],
                [
                    0.6603281107040478,
                    -0.3709209919817511,
                    0.6529811665900452,
                    0.906465706401538
                ],
                [
                    -0.0,
                    0.8695086195336903,
                    0.4939177669983296,
                    0.6856545647471919
                ],
                [
                    0.0,
                    0.0,
                    0.0,
                    1.0
                ]
            ]
        },
        {
            "file_path": "./train/31",
            "rotation": 0.17453292519943295,
            "transform_matrix": [
                [
                    -0.6794642238739655,
                    -0.2763008847823241,
                    0.6796956595005256,
                    0.8531339850761129
                ],
                [
                    0.7337086400440911,
                    -0.2558734571028496,
                    0.6294445213637867,
                    0.7900602356207905
                ],
                [
                    -0.0,
                    0.9263836111561673,
                    0.37658120635695425,
                    0.47267364561393077
                ],
                [
                    0.0,
                    0.0,
                    0.0,
                    1.0
                ]
            ]
        },
        {
            "file_path": "./train/32",
            "rotation": 0.17453292519943295,
            "transform_matrix": [
                [
                    -0.47923800203925326,
                    -0.3635912447503244,
                    0.7988318622478289,
                    1.250200252494818
                ],
                [
                    0.8776849875675353,
                    -0.19852993290454657,
                    0.4361822191922678,
                    0.6826406736374583
                ],
                [
                    -0.0,
                    0.9101578283362869,
                    0.41426166551851507,
                    0.6483342281476191
                ],
                [
                    0.0,
                    0.0,
                    0.0,
                    1.0
                ]
            ]
        },
        {
            "file_path": "./train/33",
            "rotation": 0.17453292519943295,
            "transform_matrix": [
                [
                    -0.28970590194582674,
                    -0.36967341608712107,
                    0.882843166035867,
                    1.2557105196393445
                ],
                [
                    0.9571157142047951,
                    -0.11189511241270743,
                    0.26722461234024186,
                    0.38008648617500307
                ],
                [
                    -0.0,
                    0.922399614731395,
                    0.38623691012560435,
                    0.5493634314410194
                ],
                [
                    0.0,
                    0.0,
                    0.0,
                    1.0
                ]
            ]
        },
        {
            "file_path": "./train/34",
            "rotation": 0.17453292519943295,
            "transform_matrix": [
                [
                    -0.20496137121351046,
                    -0.46299664666452417,
                    0.8623369071816904,
                    1.4789224607763658
                ],
                [
                    0.9787700630435514,
                    -0.09695477124885823,
                    0.18057944518079572,
                    0.3096968194313227
                ],
                [
                    -0.0,
                    0.881041359704235,
                    0.47303923990564745,
                    0.8112703409754928
                ],
                [
                    0.0,
                    0.0,
                    0.0,
                    1.0
                ]
            ]
        },
        {
            "file_path": "./train/35",
            "rotation": 0.17453292519943295,
            "transform_matrix": [
                [
                    -0.06541598807378429,
                    -0.34131736591990275,
                    0.9376690270163719,
                    1.5069272172298733
                ],
                [
                    0.9978580803422551,
                    -0.022375539345969604,
                    0.06147021013992432,
                    0.09878873039396484
                ],
                [
                    -0.0,
                    0.9396817498283534,
                    0.34205000955930964,
                    0.5497083237342149
                ],
                [
                    0.0,
                    0.0,
                    0.0,
                    1.0
                ]
            ]
        }
    ]
}