{
    "camera_angle_x": 0.8575560548920328,
    "frames": [
        {
            "file_path": "./train/00",
            "rotation": 0.17453292519943295,
            "transform_matrix": [
                [
                    0.13106430144560774,
                    -0.45145280351904066,
                    0.8826168563319949,
                    1.39080463919299
                ],
                [
                    0.9913738693785382,
                    0.059684189947406735,
                    -0.11668611135755191,
                    -0.18387093317015557
                ],
                [
                    -0.0,
                    0.890296671714053,
                    0.4553809793292641,
                    0.717577478956685
                ],
                [
                    0.0,
                    0.0,
                    0.0,
                    1.0
                ]
            ]
        },
        {
            "file_path": "./train/01",
            "rotation": 0.17453292519943295,
            "transform_matrix": [
                [
                    0.3148307336079702,
                    -0.36894782884978267,
                    0.8745050650298709,
                    1.3749809048248183
                ],
                [
                    0.9491478331513312,
                    0.12237937185631766,
                    -0.29007185345735603,
                    -0.4560788444574463
                ],
                [
                    -0.0,
                    0.921358121975969,
                    0.3887148197186665,
                    0.6111747957884405
                ],
                [
                    0.0,
                    0.0,
                    0.0,
                    1.0
                ]
            ]
        },
        {
            "file_path": "./train/02",
            "rotation": 0.17453292519943295,
            "transform_matrix": [
                [
                    0.5129009637769099,
                    -0.3243941230630412,
                    0.7947962344392917,
                    1.0191063813632486
                ],
                [
                    0.8584477860398482,
                    0.19381733061499917,
                    -0.4748707624149534,
                    -0.6088904342146514
                ],
                [
                    -0.0,
                    0.9258527395193237,
                    0.37788451241690685,
                    0.4845323887248798
                ],
                [
                    0.0,
                    0.0,
                    0.0,
                    1.0
                ]
            ]
        },
        {
            "file_path": "./train/03",
            "rotation": 0.17453292519943295,
            "transform_matrix": [
                [
                    0.6411783227167968,
                    -0.26636088417023224,
                    0.7196820394188863,
                    1.0060074974223256
                ],
                [
                    0.7673919197372847,
                    0.22255228463716475,
                    -0.6013153267003122,
                    -0.8405485948543658
                ],
                [
                    -0.0,
                    0.9378285344277122,
                    0.3470988908267635,
                    0.48519216458513975
                ],
                [
                    0.0,
                    0.0,
                    0.0,
                    1.0
                ]
            ]
        },
        {
            "file_path": "./train/04",
            "rotation": 0.17453292519943295,
            "transform_matrix": [
                [
                    0.7908318007099978,
                    -0.23422110279828517,
                    0.5654427804736192,
                    0.7212961402891773
                ],
                [
                    0.6120335472715384,
                    0.30264598618165184,
                    -0.7306301007092119,
                    -0.9320141485920603
                ],
                [
                    -0.0,
                    0.923875468909144,
                    0.38269324262117493,
                    0.48817522895277565
                ],
                [
                    0.0,
                    0.0,
                    0.0,
                    1.0
                ]
            ]
        },
        {
            "file_path": "./train/05",
            "rotation": 0.17453292519943295,
            "transform_matrix": [
                [
                    0.8454343960646796,
                    -0.2303242762146896,
                    0.48186243860351863,
                    0.6379066271955175
                ],
                [
                    0.534079284330286,
                    0.3645976750526408,
                    -0.7627764111425173,
                    -1.0097905309788788
                ],
                [
                    -0.0,
                    0.9022301608416714,
                    0.4312548398193482,
                    0.5709104887448158
                ],
                [
                    0.0,
                    0.0,
                    0.0,
                    1.0
                ]
            ]
        },
        {
            "file_path": "./train/06",
            "rotation": 0.17453292519943295,
            "transform_matrix": [
                [
                    0.9621969330006528,
                    -0.10042961903174488,
                    0.25316191211411687,
                    0.36625001615860053
                ],
                [
                    0.2723546623873681,
                    0.35480601127851585,
                    -0.8943912076024072,
                    -1.2939181549902101
                ],
                [
                    -0.0,
                    0.9295303039609673,
                    0.36874573084746587,
                    0.533465436224158
                ],
                [
                    0.0,
                    0.0,
                    0.0,
                    1.0
                ]
            ]
        },
        {
            "file_path": "./train/07",
            "rotation": 0.17453292519943295,
            "transform_matrix": [
                [
                    0.9757614568518967,
                    -0.10201985274903286,
                    0.19360146943484086,
                    0.2547235875211394
                ],
                [
                    0.21883687834152626,
                    0.4548915196590169,
                    -0.8632404798316898,
                    -1.1357750153348085
                ],
                [
                    -0.0,
                    0.8846839294275531,
                    0.46619131803651614,
                    0.6133730562486082
                ],
                [
                    0.0,
                    0.0,
                    0.0,
                    1.0
                ]
            ]
        },
        {
            "file_path": "./train/08",
            "rotation": 0.17453292519943295,
            "transform_matrix": [
                [
                    0.99891951904169,
                    0.01619392727457158,
                    -0.043560890681260525,
                    -0.0663550477398505
                ],
                [
                    -0.04647358903203887,
                    0.3480779165422134,
                    -0.9363129655932962,
                    -1.4262585213417482
                ],
                [
                    0.0,
                    0.9373257281943443,
                    0.34845441490235446,
                    0.5307905548853743
                ],
                [
                    0.0,
                    0.0,
                    0.0,
                    1.0
                ]
            ]
        },
        {
            "file_path": "./train/09",
            "rotation": 0.17453292519943295,
            "transform_matrix": [
                [
                    0.9822820047104408,
                    0.08652803836153046,
                    -0.16623766660821224,
                    -0.2513078534494659
                ],
                [
                    -0.1874088130852912,
                    0.45352688374769345,
                    -0.8713158454292385,
                    -1.3172015660409382
                ],
                [
                    0.0,
                    0.8870322791733183,
                    0.4617074135256963,
                    0.6979807969051199
                ],
                [
                    0.0,
                    0.0,
                    0.0,
                    1.0
                ]
            ]
        },
        {
            "file_path": "./train/10",
            "rotation": 0.17453292519943295,
            "transform_matrix": [
                [
                    0.9629557995776892,
                    0.0963444578894859,
                    -0.25186082167275303,
                    -0.29880361294862706
                ],
                [
                    -0.26965928142693923,
                    0.34404695433034904,
                    -0.8993973344169514,
                    -1.0670304782429882
                ],
                [
                    0.0,
                    0.9339964874933908,
                    0.3572821872833968,
                    0.4238738192523584
                ],
                [
                    0.0,
                    0.0,
                    0.0,
                    1.0
                ]
            ]
        },
        {
            "file_path": "./train/11",
            "rotation": 0.17453292519943295,
            "transform_matrix": [
                [
                    0.870856701263681,
                    0.18356867210849637,
                    -0.4559727497169795,
                    -0.7010002020784188
                ],
                [
                    -0.49153698321096845,
                    0.32522885094720616,
                    -0.8078475033367498,
                    -1.2419629537929817
                ],
                [
                    0.0,
                    0.9276468817022365,
                    0.3734585155919151,
                    0.5741450449842312
                ],
                [
                    0.0,
                    0.0,
                    0.0,
                    1.0
                ]
            ]
        },
        {
            "file_path": "./train/12",
            "rotation": 0.17453292519943295,
            "transform_matrix": [
                [
                    0.7104305795204348,
                    0.33458855417602074,
                    -0.619143675649408,
                    -0.7452720005431477
                ],
                [
                    -0.7037672851747652,
                    0.3377564508204537,
                    -0.6250057505710737,
                    -0.7523282630489728
                ],
                [
                    0.0,
                    0.8797562613267214,
                    0.4754249895161481,
                    0.5722757850562946
                ],
                [
                    0.0,
                    0.0,
                    0.0,
                    1.0
                ]
            ]
        },
        {
            "file_path": "./train/13",
            "rotation": 0.17453292519943295,
            "transform_matrix": [
                [
                    0.6226611813539846,
                    0.27608736625332225,
                    -0.7321672072895399,
                    -0.9001923986269222
                ],
                [
                    -0.7824915675167754,
                    0.21969423411648256,
                    -0.5826159886761707,
                    -0.7163206424750385
                ],
                [
                    0.0,
                    0.9356870255011961,
                    0.3528311073427681,
                    0.433802385120311
                ],
                [
                    0.0,
                    0.0,
                    0.0,
                    1.0
                ]
            ]
        },
        {
            "file_path": "./train/14",
            "rotation": 0.17453292519943295,
            "transform_matrix": [
                [
                    0.49675884930864134,
                    0.3973036249027186,
                    -0.7716090171017407,
                    -1.2227142787644645
                ],
                [
                    -0.867888613609808,
                    0.22740716773772424,
                    -0.441650692774224,
                    -0.6998526407967804
                ],
                [
                    0.0,
                    0.8890645700401442,
                    0.4577818151689007,
                    0.7254144904477258
                ],
                [
                    0.0,
                    0.0,
                    0.0,
                    1.0
                ]
            ]
        },
        {
            "file_path": "./train/15",
            "rotation": 0.17453292519943295,
            "transform_matrix": [
                [
                    0.39162744896147417,
                    0.3914077740899214,
                    -0.8327231806560335,
                    -1.3726343481449181
                ],
                [
                    -0.9201238727584063,
                    0.16659281712906135,
                    -0.35442755544832455,
                    -0.5842270851090458
                ],
                [
                    0.0,
                    0.9050120373028063,
                    0.42538595691092557,
                    0.7011926522982401
                ],
                [
                    0.0,
                    0.0,
                    0.0,
                    1.0
                ]
            ]
        },
        {
            "file_path": "./train/16",
            "rotation": 0.17453292519943295,
            "transform_matrix": [
                [
                    0.24955127391865825,
                    0.33250309118262666,
                    -0.9094865892576826,
                    -1.4256616067146377
                ],
                [
                    -0.9683615862298415,
                    0.08568758939475497,
                    -0.23437891402201924,
                    -0.36739961104582197
                ],
                [
                    0.0,
                    0.9392014328022045,
                    0.343366667896414,
                    0.5382428737569402
                ],
                [
                    0.0,
                    0.0,
                    0.0,
                    1.0
                ]
            ]
        },
        {
            "file_path": "./train/17",
            "rotation": 0.17453292519943295,
            "transform_matrix": [
                [
                    0.0799004247597303,
                    0.4445747659533586,
                    -0.8921710596072544,
                    -1.4074714994826012
                ],
                [
                    -0.9968028501781155,
                    0.03563564513362274,
                    -0.07151348594982511,
                    -0.11281826754987677
                ],
                [
                    0.0,
                    0.8950326129663807,
                    0.44600069700233996,
                    0.7036019191840914
                ],
                [
                    0.0,
                    0.0,
                    0.0,
                    1.0
                ]
            ]
        },
        {
            "file_path": "./train/18",
            "rotation": 0.17453292519943295,
            "transform_matrix": [
                [
                    -0.24207677953059056,
                    0.4824966372720251,
                    -0.8417813420558131,
                    -1.4252616001416285
                ],
                [
                    -0.9702570962441336,
                    -0.12038173442615267,
                    0.21002239215010718,
                    0.35559929371965965
                ],
                [
                    0.0,
                    0.8675858649365716,
                    0.4972874088113039,
                    0.8419818931620957
                ],
                [
                    0.0,
                    0.0,
                    0.0,
                    1.0
                ]
            ]
        },
        {
            "file_path": "./train/19",
            "rotation": 0.17453292519943295,
            "transform_matrix": [
                [
                    -0.33929035238866895,
                    0.3572519909205088,
                    -0.8702028911462576,
                    -1.377377911387486
                ],
                [
                    -0.9406816979063496,
                    -0.12885565240692115,
                    0.31386966095309987,
                    0.4968003927015432
                ],
                [
                    0.0,
                    0.9250768810353653,
                    0.37977988911194416,
                    0.6011246753764939
                ],
                [
                    0.0,
                    0.0,
                    0.0,
                    1.0
                ]
            ]
        },
        {
            "file_path": "./train/20",
            "rotation": 0.17453292519943295,
            "transform_matrix": [
                [
                    -0.4623194978931101,
                    0.3192283379684916,
                    -0.8272568827793076,
                    -1.4098061222855185
                ],
                [
                    -0.8867134158609886,
                    -0.16644101948039353,
                    0.4313197249911772,
                    0.7350524385026944
                ],
                [
                    0.0,
                    0.9329472950130687,
                    0.3600129785546602,
                    0.6135319171517933
                ],
                [
                    0.0,
                    0.0,
                    0.0,
                    1.0
                ]
            ]
        },
        {
            "file_path": "./train/21",
            "rotation": 0.17453292519943295,
            "transform_matrix": [
                [
                    -0.6867905115883406,
                    0.2863307771529374,
                    -0.6680819405186914,
                    -0.9594482502546272
                ],
                [
                    -0.7268554142277716,
                    -0.2705479756703441,
                    0.6312566828703309,
                    0.906562628187873
                ],
                [
                    0.0,
                    0.9191400757858803,
                    0.3939308582534837,
                    0.5657334074607189
                ],
                [
                    0.0,
                    0.0,
                    0.0,
                    1.0
                ]
            ]
        },
        {
            "file_path": "./train/22",
            "rotation": 0.17453292519943295,
            "transform_matrix": [
                [
                    -0.7331825413904077,
                    0.31729966035219265,
                    -0.601468441849351,
                    -0.9744933310901716
                ],
                [
                    -0.6800318823410436,
                    -0.3420995065091124,
                    0.648478655505267,
                    1.0506588229320335
                ],
                [
                    0.0,
                    0.8844709453603351,
                    0.46659527088623076,
                    0.7559731286961363
                ],
                [
                    0.0,
                    0.0,
                    0.0,
                    1.0
                ]
            ]
        },
        {
            "file_path": "./train/23",
            "rotation": 0.17453292519943295,
            "transform_matrix": [
                [
                    -0.8972959594732575,
                    0.17753784539355488,
                    -0.40415377588979723,
                    -0.5735456429071543
                ],
                [
                    -0.44142945202259243,
                    -0.36088210833080403,
                    0.8215254973363563,
                    1.1658492327506544
                ],
                [
                    0.0,
                    0.9155568891880657,
                    0.40218849145676955,
                    0.5707566541833581
                ],
                [
                    0.0,
                    0.0,
                    0.0,
                    1.0
                ]
            ]
        },
        {
            "file_path": "./train/24",
            "rotation": 0.17453292519943295,
            "transform_matrix": [
                [
                    -0.96093997999815,
                    0.1230313459571435,
                    -0.24790652019083484,
                    -0.31661514731772494
                ],
                [
                    -0.27675685148005846,
                    -0.42718270023288524,
                    0.8607674400095451,
                    1.099333771516505
                ],
                [
                    0.0,
                    0.895755674575224,
                    0.4445467033577973,
                    0.5677552162197689
                ],
                [
                    0.0,
                    0.0,
                    0.0,
                    1.0
                ]
            ]
        },
        {
            "file_path": "./train/25",
            "rotation": 0.17453292519943295,
            "transform_matrix": [
                [
                    -0.9724722707347354,
                    0.09550731735025889,
                    -0.2125465478067908,
                    -0.2690997924369268
                ],
                [
                    -0.23301863155556354,
                    -0.3985870878880444,
                    0.8870347516962911,
                    1.1230521974075853
                ],
                [
                    0.0,
                    0.912144004914512,
                    0.40986987483653237,
                    0.5189258512206995
                ],
                [
                    0.0,
                    0.0,
                    0.0,
                    1.0
                ]
            ]
        },
        {
            "file_path": "./train/26",
            "rotation": 0.17453292519943295,
            "transform_matrix": [
                [
                    -0.9999996465093243,
                    0.0003353038375857881,
                    -0.0007710723461834937,
                    -0.0009165871045398068
                ],
                [
                    -0.0008408217567051141,
                    -0.398780973952132,
                    0.9170458155580683,
                    1.0901083056254328
                ],
                [
                    0.0,
                    0.9170461397253279,
                    0.3987811149175378,
                    0.4740380449079663
                ],
                [
                    0.0,
                    0.0,
                    0.0,
                    1.0
                ]
            ]
        },
        {
            "file_path": "./train/27",
            "rotation": 0.17453292519943295,
            "transform_matrix": [
                [
                    -0.9854559336458923,
                    -0.06007301442671439,
                    0.15895859769068935,
                    0.20329638824057
                ],
                [
                    0.16993117089605034,
                    -0.348372274531164,
                    0.9218243626070427,
                    1.1789457521186608
                ],
                [
                    -0.0,
                    0.9354293085400259,
                    0.3535138027352382,
                    0.4521182265907268
                ],
                [
                    0.0,
                    0.0,
                    0.0,
                    1.0
                ]
            ]
        },
        {
            "file_path": "./train/28",
            "rotation": 0.17453292519943295,
            "transform_matrix": [
                [
                    -0.9138983151049832,
                    -0.1850749891331776,
                    0.36129920847633606,
                    0.5605761523755386
                ],
                [
                    0.40594318524674455,
                    -0.4166586036764624,
                    0.8133915037262853,
                    1.2620229129666058
                ],
                [
                    -0.0,
                    0.8900240762921724,
                    0.4559135264721427,
                    0.7073756169118658
                ],
                [
                    0.0,
                    0.0,
                    0.0,
                    1.0
                ]
            ]
        },
        {
            "file_path": "./train/29",
            "rotation": 0.17453292519943295,
            "transform_matrix": [
                [
                    -0.8529436987052328,
                    -0.20564591891623732,
                    0.4797882896363077,
                    0.6779510594832552
                ],
                [
                    0.5220029184200383,
                    -0.3360218583354927,
                    0.7839657287673518,
                    1.107760251546098
                ],
                [
                    -0.0,
                    0.9191295157668795,
                    0.3939554965299273,
                    0.5566674969582349
                ],
                [
                    0.0,
                    0.0,
                    0.0,
                    1.0
                ]
            ]
        },
        {
            "file_path": "./train/30",
            "rotation": 0.17453292519943295,
            "transform_matrix": [
                [
                    -0.7487645280413237,
                    -0.23356827098059973,
                    0.6203205174248124,
                    1.0700768828773561
                ],
                [
                    0.6628360895025661,
                    -0.2638474865142956,
                    0.7007373418856988,
                    1.2087990151183408
                ],
                [
                    -0.0,
                    0.935858091086048,
                    0.3523771180834225,
                    0.6078641565514856
                ],
                [
                    0.0,
                    0.0,
                    0.0,
                    1.0
                ]
            ]
        },
        {
            "file_path": "./train/31",
            "rotation": 0.17453292519943295,
            "transform_matrix": [
                [
                    -0.6092692543630608,
                    -0.34794075121860646,
                    0.712550495985591,
                    0.9117191203567884
                ],
                [
                    0.792963413839428,
                    -0.2673384400309932,
                    0.5474844132885566,
                    0.7005145747629777
                ],
                [
                    -0.0,
                    0.8985918940894285,
                    0.4387853779204284,
                    0.561432517466276
                ],
                [
                    0.0,
                    0.0,
                    0.0,
                    1.0
                ]
            ]
        },
        {
            "file_path": "./train/32",
            "rotation": 0.17453292519943295,
            "transform_matrix": [
                [
                    -0.5656180121302675,
                    -0.33396328617586163,
                    0.7540190898381977,
                    1.1099375583203512
                ],
                [
                    0.824667365883848,
                    -0.2290567783640027,
                    0.5171621872601473,
                    0.7612774571878764
                ],
                [
                    -0.0,
                    0.9143311849500287,
                    0.40496726315577203,
                    0.5961233360328407
                ],
                [
                    0.0,
                    0.0,
                    0.0,
                    1.0
                ]
            ]
        },
        {
            "file_path": "./train/33",
            "rotation": 0.17453292519943295,
            "transform_matrix": [
                [
                    -0.2604976054463302,
                    -0.3410710237132829,
                    0.9032228708020525,
                    1.4401532185232808
                ],
                [
                    0.965474493478066,
                    -0.09202540881672415,
                    0.24370130606007576,
                    0.3885721139557615
                ],
                [
                    -0.0,
                    0.9355222503582092,
                    0.35326777249660346,
                    0.5632715202503235
                ],
                [
                    0.0,
                    0.0,
                    0.0,
                    1.0
                ]
            ]
        },
        {
            "file_path": "./train/34",
            "rotation": 0.17453292519943295,
            "transform_matrix": [
                [
                    -0.19614569731646486,
                    -0.4699738118257951,
                    0.8606111093996928,
                    1.2948018938479389
                ],
                [
                    0.9805747627918219,
                    -0.09400949783634023,
                    0.1721492053200403,
                    0.2590009757465088
                ],
                [
                    -0.0,
                    0.877659860375585,
                    0.479284017556927,
                    0.7210897545310953
                ],
                [
                    0.0,
                    0.0,
                    0.0,
                    1.0
                ]
            ]
        },
        {
            "file_path": "./train/35",
            "rotation": 0.17453292519943295,
            "transform_matrix": [
                [
                    0.05931030640868577,
                    -0.4936707369906772,
                    0.8676240493397988,
                    1.1418248916083706
                ],
                [
                    0.998239594262674,
                    0.02933139783695476,
                    -0.051549796771883385,
                    -0.06784141259832328
                ],
                [
                    -0.0,
                    0.8691541132273447,
                    0.49454133038603365,
                    0.6508344269543634
                ],
                [
                    0.0,
                    0.0,
                    0.0,
                    1.0
                ]
            ]
        }
    ]
}