{
    "camera_angle_x": 0.8575560548920328,
    "frames": [
        {
            "file_path": "./train/00",
            "rotation": 0.17453292519943295,
            "transform_matrix": [
                [
                    0.24440191566408176,
                    -0.45014305287711587,
                    0.8588590894705587,
                    1.1916193524533485
                ],
                [
                    0.9696740192558152,
                    0.11345650420795823,
                    -0.21647151783359972,
                    -0.30034222501444463
                ],
                [
                    -0.0,
                    0.8857193989065496,
                    0.46422101029641083,
                    0.6440809050826385
                ],
                [
                    0.0,
                    0.0,
                    0.0,
                    1.0
                ]
            ]
        },
        {
            "file_path": "./train/01",
            "rotation": 0.17453292519943295,
            "transform_matrix": [
                [
                    0.3593258782567719,
                    -0.3679624122292277,
                    0.8576063061810165,
                    1.0813386740477844
                ],
                [
                    0.9332121480215523,
                    0.1416809856366058,
                    -0.33021445318768283,
                    -0.4163608131001953
                ],
                [
                    -0.0,
                    0.9189832215527592,
                    0.3942966377037879,
                    0.4971607605064874
                ],
                [
                    0.0,
                    0.0,
                    0.0,
                    1.0
                ]
            ]
        },
        {
            "file_path": "./train/02",
            "rotation": 0.17453292519943295,
            "transform_matrix": [
                [
                    0.5118030716538713,
                    -0.31979020307979267,
                    0.7973655635026178,
                    1.3009708236889126
                ],
                [
                    0.8591027970188796,
                    0.1905122516059698,
                    -0.47502364798224667,
                    -0.775042132334508
                ],
                [
                    -0.0,
                    0.9281375479971752,
                    0.37223741348471595,
                    0.6073375081584538
                ],
                [
                    0.0,
                    0.0,
                    0.0,
                    1.0
                ]
            ]
        },
        {
            "file_path": "./train/03",
            "rotation": 0.17453292519943295,
            "transform_matrix": [
                [
                    0.6802122665427168,
                    -0.3471985944814722,
                    0.6455729303765068,
                    0.7918903372891766
                ],
                [
                    0.7330151925061443,
                    0.32218806009359513,
                    -0.5990689288289837,
                    -0.7348463260892538
                ],
                [
                    -0.0,
                    0.8807087997307714,
                    0.47365811518096457,
                    0.5810114813389944
                ],
                [
                    0.0,
                    0.0,
                    0.0,
                    1.0
                ]
            ]
        },
        {
            "file_path": "./train/04",
            "rotation": 0.17453292519943295,
            "transform_matrix": [
                [
                    0.7730661577417749,
                    -0.3144002738047027,
                    0.5509275665510822,
                    0.8333939689420347
                ],
                [
                    0.6343254021039747,
                    0.3831664487296126,
                    -0.6714274024893294,
                    -1.0156753478864817
                ],
                [
                    -0.0,
                    0.8685251524276456,
                    0.4956450943977302,
                    0.7497675874029331
                ],
                [
                    0.0,
                    0.0,
                    0.0,
                    1.0
                ]
            ]
        },
        {
            "file_path": "./train/05",
            "rotation": 0.17453292519943295,
            "transform_matrix": [
                [
                    0.9055233046410787,
                    -0.21067275977888614,
                    0.3682995153934472,
                    0.4254527840493284
                ],
                [
                    0.4242965292715701,
                    0.44961266584090237,
                    -0.7860158433285788,
                    -0.9079909553879756
                ],
                [
                    -0.0,
                    0.8680238700649797,
                    0.4965224677669835,
                    0.5735735656041663
                ],
                [
                    0.0,
                    0.0,
                    0.0,
                    1.0
                ]
            ]
        },
        {
            "file_path": "./train/06",
            "rotation": 0.17453292519943295,
            "transform_matrix": [
                [
                    0.910717756143657,
                    -0.1715960906556677,
                    0.37569662004914856,
                    0.6360210956018358
                ],
                [
                    0.41302925882395114,
                    0.37836449429739766,
                    -0.8284003505614975,
                    -1.402408407326481
                ],
                [
                    -0.0,
                    0.9096126049735493,
                    0.4154574693915535,
                    0.7033326912118993
                ],
                [
                    0.0,
                    0.0,
                    0.0,
                    1.0
                ]
            ]
        },
        {
            "file_path": "./train/07",
            "rotation": 0.17453292519943295,
            "transform_matrix": [
                [
                    0.9921746147160179,
                    -0.054411354917341205,
                    0.11237854941749634,
                    0.1497718447065477
                ],
                [
                    0.12485805505902108,
                    0.4323755089390929,
                    -0.8930072146161748,
                    -1.190150064781822
                ],
                [
                    -0.0,
                    0.9000504562110502,
                    0.4357856999423919,
                    0.5807908049660623
                ],
                [
                    0.0,
                    0.0,
                    0.0,
                    1.0
                ]
            ]
        },
        {
            "file_path": "./train/08",
            "rotation": 0.17453292519943295,
            "transform_matrix": [
                [
                    0.9962357865956862,
                    -0.03245880275607788,
                    0.0803783778743777,
                    0.11861819669228313
                ],
                [
                    0.08668481704470639,
                    0.37303673236085105,
                    -0.9237582685981569,
                    -1.3632340300764925
                ],
                [
                    -0.0,
                    0.9272486303215448,
                    0.3744462278709978,
                    0.5525881148995427
                ],
                [
                    0.0,
                    0.0,
                    0.0,
                    1.0
                ]
            ]
        },
        {
            "file_path": "./train/09",
            "rotation": 0.17453292519943295,
            "transform_matrix": [
                [
                    0.988950734845233,
                    0.056220818276069826,
                    -0.13717019953853946,
                    -0.20964446203140533
                ],
                [
                    -0.1482445413803611,
                    0.3750534018319355,
                    -0.915072948854472,
                    -1.3985543268688467
                ],
                [
                    0.0,
                    0.9252967985282678,
                    0.37924376676926164,
                    0.5796182824737193
                ],
                [
                    0.0,
                    0.0,
                    0.0,
                    1.0
                ]
            ]
        },
        {
            "file_path": "./train/10",
            "rotation": 0.17453292519943295,
            "transform_matrix": [
                [
                    0.9485556701016774,
                    0.12699967952990535,
                    -0.2900227958579449,
                    -0.34951528222106654
                ],
                [
                    -0.31661039262468604,
                    0.3804874032103864,
                    -0.8688999915296691,
                    -1.0471377770943422
                ],
                [
                    0.0,
                    0.9160242449834601,
                    0.40112290211664775,
                    0.483405395510026
                ],
                [
                    0.0,
                    0.0,
                    0.0,
                    1.0
                ]
            ]
        },
        {
            "file_path": "./train/11",
            "rotation": 0.17453292519943295,
            "transform_matrix": [
                [
                    0.8391096057863738,
                    0.2479727646841859,
                    -0.4841534647732242,
                    -0.7862615851724767
                ],
                [
                    -0.5439623787331586,
                    0.38251970532318114,
                    -0.7468491183381222,
                    -1.2128773506645252
                ],
                [
                    0.0,
                    0.8900495396405461,
                    0.45586381407790194,
                    0.7403194052273259
                ],
                [
                    0.0,
                    0.0,
                    0.0,
                    1.0
                ]
            ]
        },
        {
            "file_path": "./train/12",
            "rotation": 0.17453292519943295,
            "transform_matrix": [
                [
                    0.7870459575226482,
                    0.29464308618684065,
                    -0.5419816532960796,
                    -0.6228327103897501
                ],
                [
                    -0.6168943675762146,
                    0.3759114397599038,
                    -0.6914708444398638,
                    -0.7946222119860175
                ],
                [
                    0.0,
                    0.878564762109163,
                    0.477623239363486,
                    0.5488735179664506
                ],
                [
                    0.0,
                    0.0,
                    0.0,
                    1.0
                ]
            ]
        },
        {
            "file_path": "./train/13",
            "rotation": 0.17453292519943295,
            "transform_matrix": [
                [
                    0.6241912608270973,
                    0.2930611077514359,
                    -0.7242240378712791,
                    -1.0099145988884166
                ],
                [
                    -0.7812715724426933,
                    0.23413904818631082,
                    -0.578613546512117,
                    -0.8068639498003644
                ],
                [
                    0.0,
                    0.9269811719975275,
                    0.37510786017103176,
                    0.5230797161303987
                ],
                [
                    0.0,
                    0.0,
                    0.0,
                    1.0
                ]
            ]
        },
        {
            "file_path": "./train/14",
            "rotation": 0.17453292519943295,
            "transform_matrix": [
                [
                    0.4507362531451842,
                    0.44071187880575574,
                    -0.7762795050625395,
                    -1.242669111090602
                ],
                [
                    -0.8926571738918814,
                    0.22253203892756784,
                    -0.39197278164446436,
                    -0.6274704728918427
                ],
                [
                    0.0,
                    0.8696278120726362,
                    0.4937078776662974,
                    0.7903281298513463
                ],
                [
                    0.0,
                    0.0,
                    0.0,
                    1.0
                ]
            ]
        },
        {
            "file_path": "./train/15",
            "rotation": 0.17453292519943295,
            "transform_matrix": [
                [
                    0.29889459091041615,
                    0.42354400885209853,
                    -0.8551447223072761,
                    -1.4528806981928148
                ],
                [
                    -0.9542861329415276,
                    0.13265938683210707,
                    -0.267842236327347,
                    -0.45506076944595997
                ],
                [
                    0.0,
                    0.8961093458115604,
                    0.4438333474956305,
                    0.7540675712186633
                ],
                [
                    0.0,
                    0.0,
                    0.0,
                    1.0
                ]
            ]
        },
        {
            "file_path": "./train/16",
            "rotation": 0.17453292519943295,
            "transform_matrix": [
                [
                    0.14667120873837527,
                    0.48286364085795186,
                    -0.8633251188657879,
                    -1.4604505050846541
                ],
                [
                    -0.9891852993889587,
                    0.07159648844781351,
                    -0.128009321202474,
                    -0.21654794204448513
                ],
                [
                    0.0,
                    0.8727637980458086,
                    0.4881427586481797,
                    0.8257704112186024
                ],
                [
                    0.0,
                    0.0,
                    0.0,
                    1.0
                ]
            ]
        },
        {
            "file_path": "./train/17",
            "rotation": 0.17453292519943295,
            "transform_matrix": [
                [
                    -0.08237630767964663,
                    0.42225291971840856,
                    -0.9027273208019947,
                    -1.0298598746156302
                ],
                [
                    -0.9966012963733633,
                    -0.03490225886714232,
                    0.07461694440877885,
                    0.08512536980132199
                ],
                [
                    0.0,
                    0.9058058865536535,
                    0.423692926403958,
                    0.4833622889293476
                ],
                [
                    0.0,
                    0.0,
                    0.0,
                    1.0
                ]
            ]
        },
        {
            "file_path": "./train/18",
            "rotation": 0.17453292519943295,
            "transform_matrix": [
                [
                    -0.11545185344863154,
                    0.36087050630210216,
                    -0.9254422441279305,
                    -1.210830065322269
                ],
                [
                    -0.9933130773000403,
                    -0.04194364270404041,
                    0.10756328974812965,
                    0.1407336502935799
                ],
                [
                    0.0,
                    0.9316722645426235,
                    0.3632998644123333,
                    0.4753342538112484
                ],
                [
                    0.0,
                    0.0,
                    0.0,
                    1.0
                ]
            ]
        },
        {
            "file_path": "./train/19",
            "rotation": 0.17453292519943295,
            "transform_matrix": [
                [
                    -0.30384978631003445,
                    0.4264622149665748,
                    -0.8519420676109082,
                    -1.2599251464290429
                ],
                [
                    -0.9527199522206651,
                    -0.13601106241646638,
                    0.27170882124251633,
                    0.40182635581083587
                ],
                [
                    0.0,
                    0.8942208732221291,
                    0.44762599331791825,
                    0.6619877883927876
                ],
                [
                    0.0,
                    0.0,
                    0.0,
                    1.0
                ]
            ]
        },
        {
            "file_path": "./train/20",
            "rotation": 0.17453292519943295,
            "transform_matrix": [
                [
                    -0.529033419893067,
                    0.3636379778005839,
                    -0.7667405439503953,
                    -0.9963477442242037
                ],
                [
                    -0.848600990239963,
                    -0.22669858415371724,
                    0.4780001164293311,
                    0.6211414558691738
                ],
                [
                    0.0,
                    0.9035348211573265,
                    0.42851467531019044,
                    0.5568371641240576
                ],
                [
                    0.0,
                    0.0,
                    0.0,
                    1.0
                ]
            ]
        },
        {
            "file_path": "./train/21",
            "rotation": 0.17453292519943295,
            "transform_matrix": [
                [
                    -0.6374670042290461,
                    0.3773182205472885,
                    -0.6717639309774476,
                    -0.9566842587208794
                ],
                [
                    -0.7704776560804637,
                    -0.31218026090064227,
                    0.5557946259048945,
                    0.7915280132876369
                ],
                [
                    0.0,
                    0.8718798341210987,
                    0.4897198738595007,
                    0.6974284758374258
                ],
                [
                    0.0,
                    0.0,
                    0.0,
                    1.0
                ]
            ]
        },
        {
            "file_path": "./train/22",
            "rotation": 0.17453292519943295,
            "transform_matrix": [
                [
                    -0.7861352558142772,
                    0.26029895994717245,
                    -0.5605674009574951,
                    -0.680297975430082
                ],
                [
                    -0.6180544956278701,
                    -0.3310876159203093,
                    0.7130144676080457,
                    0.8653059345541411
                ],
                [
                    0.0,
                    0.9069870131565424,
                    0.4211585900410603,
                    0.5111130894349777
                ],
                [
                    0.0,
                    0.0,
                    0.0,
                    1.0
                ]
            ]
        },
        {
            "file_path": "./train/23",
            "rotation": 0.17453292519943295,
            "transform_matrix": [
                [
                    -0.8846582512069663,
                    0.1667005776033009,
                    -0.43542013733652474,
                    -0.6196372086735769
                ],
                [
                    -0.466240043938133,
                    -0.3163028216368649,
                    0.8261796090760928,
                    1.175718766620292
                ],
                [
                    0.0,
                    0.9338969121114404,
                    0.357542385667373,
                    0.5088110237450846
                ],
                [
                    0.0,
                    0.0,
                    0.0,
                    1.0
                ]
            ]
        },
        {
            "file_path": "./train/24",
            "rotation": 0.17453292519943295,
            "transform_matrix": [
                [
                    -0.9464612533088352,
                    0.11197822941038729,
                    -0.30277379695605033,
                    -0.4764360035575962
                ],
                [
                    -0.32281743445029254,
                    -0.3283064792691013,
                    0.8876957585146267,
                    1.3968521180289881
                ],
                [
                    0.0,
                    0.9379103005128165,
                    0.3468778865709922,
                    0.545836910795745
                ],
                [
                    0.0,
                    0.0,
                    0.0,
                    1.0
                ]
            ]
        },
        {
            "file_path": "./train/25",
            "rotation": 0.17453292519943295,
            "transform_matrix": [
                [
                    -0.9856803970415867,
                    0.060862667484749694,
                    -0.15725740235226077,
                    -0.26014422001627
                ],
                [
                    -0.1686243010005973,
                    -0.35576804704539977,
                    0.9192360642476786,
                    1.5206530526866506
                ],
                [
                    0.0,
                    0.9325903883314169,
                    0.3609365146280672,
                    0.5970818967426477
                ],
                [
                    0.0,
                    0.0,
                    0.0,
                    1.0
                ]
            ]
        },
        {
            "file_path": "./train/26",
            "rotation": 0.17453292519943295,
            "transform_matrix": [
                [
                    -0.9997743771796528,
                    -0.009459633733033247,
                    0.019018676732999527,
                    0.025772049590027078
                ],
                [
                    0.02124134494417616,
                    -0.4452401412738206,
                    0.8951592159294517,
                    1.2130227579858073
                ],
                [
                    -0.0,
                    0.8953612298553613,
                    0.4453406202805835,
                    0.6034773455300468
                ],
                [
                    0.0,
                    0.0,
                    0.0,
                    1.0
                ]
            ]
        },
        {
            "file_path": "./train/27",
            "rotation": 0.17453292519943295,
            "transform_matrix": [
                [
                    -0.9751899292943947,
                    -0.09212752014121636,
                    0.20128865302203006,
                    0.32033699369387686
                ],
                [
                    0.2213698303807306,
                    -0.4058449595324851,
                    0.8867272788288867,
                    1.4111652418644263
                ],
                [
                    -0.0,
                    0.9092867473216055,
                    0.41617017089802905,
                    0.6623060933094473
                ],
                [
                    0.0,
                    0.0,
                    0.0,
                    1.0
                ]
            ]
        },
        {
            "file_path": "./train/28",
            "rotation": 0.17453292519943295,
            "transform_matrix": [
                [
                    -0.9532462791487376,
                    -0.13251845637039847,
                    0.2715886411658151,
                    0.4508369483824365
                ],
                [
                    0.30219452557762705,
                    -0.41801791482541983,
                    0.8567026856476645,
                    1.4221258400590504
                ],
                [
                    -0.0,
                    0.8987212479997426,
                    0.4385203739779774,
                    0.7279435044083897
                ],
                [
                    0.0,
                    0.0,
                    0.0,
                    1.0
                ]
            ]
        },
        {
            "file_path": "./train/29",
            "rotation": 0.17453292519943295,
            "transform_matrix": [
                [
                    -0.8191867974074509,
                    -0.21956214003470478,
                    0.5298353117872615,
                    0.8460982843923418
                ],
                [
                    0.5735268005536655,
                    -0.3136076747474091,
                    0.7567808370897081,
                    1.2085094248676629
                ],
                [
                    -0.0,
                    0.9238196214645498,
                    0.3828280384155477,
                    0.6113411834104712
                ],
                [
                    0.0,
                    0.0,
                    0.0,
                    1.0
                ]
            ]
        },
        {
            "file_path": "./train/30",
            "rotation": 0.17453292519943295,
            "transform_matrix": [
                [
                    -0.7895137587524174,
                    -0.27258224157549593,
                    0.5498790288038884,
                    0.663356750829514
                ],
                [
                    0.6137328610565265,
                    -0.35065326263442176,
                    0.7073713767627338,
                    0.853350561740515
                ],
                [
                    -0.0,
                    0.895958264084613,
                    0.44413825439663135,
                    0.5357944091748895
                ],
                [
                    0.0,
                    0.0,
                    0.0,
                    1.0
                ]
            ]
        },
        {
            "file_path": "./train/31",
            "rotation": 0.17453292519943295,
            "transform_matrix": [
                [
                    -0.6604786352546038,
                    -0.2697895463847691,
                    0.700700772822263,
                    0.8745794492453017
                ],
                [
                    0.7508448390794306,
                    -0.2373196459878983,
                    0.6163695427711874,
                    0.7693214509771069
                ],
                [
                    -0.0,
                    0.9332164734345827,
                    0.3593146444417773,
                    0.4484784604645673
                ],
                [
                    0.0,
                    0.0,
                    0.0,
                    1.0
                ]
            ]
        },
        {
            "file_path": "./train/32",
            "rotation": 0.17453292519943295,
            "transform_matrix": [
                [
                    -0.49878899188811004,
                    -0.35239462374894454,
                    0.7918507250259248,
                    1.0056377477301128
                ],
                [
                    0.8667234516102832,
                    -0.20279889600305867,
                    0.45570063222328067,
                    0.5787325097330749
                ],
                [
                    -0.0,
                    0.9136140525039993,
                    0.40658254151797957,
                    0.5163533206402504
                ],
                [
                    0.0,
                    0.0,
                    0.0,
                    1.0
                ]
            ]
        },
        {
            "file_path": "./train/33",
            "rotation": 0.17453292519943295,
            "transform_matrix": [
                [
                    -0.3052667101612188,
                    -0.41883118177621104,
                    0.8552149886661768,
                    1.3852209200311314
                ],
                [
                    0.9522668930858336,
                    -0.13426405758940418,
                    0.27415493278852876,
                    0.4440581061619299
                ],
                [
                    -0.0,
                    0.8980832945844008,
                    0.43982541535071434,
                    0.7124002438911964
                ],
                [
                    0.0,
                    0.0,
                    0.0,
                    1.0
                ]
            ]
        },
        {
            "file_path": "./train/34",
            "rotation": 0.17453292519943295,
            "transform_matrix": [
                [
                    -0.14550944413871952,
                    -0.3508176952951588,
                    0.9250696980953564,
                    1.214426097690754
                ],
                [
                    0.9893568626468615,
                    -0.051596435789464906,
                    0.1360544234759854,
                    0.17861145264588968
                ],
                [
                    -0.0,
                    0.9350212577699059,
                    0.35459166306948514,
                    0.4655058646302783
                ],
                [
                    0.0,
                    0.0,
                    0.0,
                    1.0
                ]
            ]
        },
        {
            "file_path": "./train/35",
            "rotation": 0.17453292519943295,
            "transform_matrix": [
                [
                    0.04608965547337318,
                    -0.40682697577371796,
                    0.9123417974866418,
                    1.1698376589159005
                ],
                [
                    0.9989373071711486,
                    0.018770462386457312,
                    -0.042094252380257685,
                    -0.05397477326369752
                ],
                [
                    -0.0,
                    0.9133123679906067,
                    0.4072597678084477,
                    0.5222032078944003
                ],
                [
                    0.0,
                    0.0,
                    0.0,
                    1.0
                ]
            ]
        }
    ]
}