{
    "camera_angle_x": 0.8575560548920328,
    "frames": [
        {
            "file_path": "./train/00",
            "rotation": 0.17453292519943295,
            "transform_matrix": [
                [
                    0.18687102597239488,
                    -0.38505480225090677,
                    0.903776531514035,
                    1.1461640494954066
                ],
                [
                    0.9823844561331498,
                    0.07324585146171318,
                    -0.17191807814079393,
                    -0.2180254894351172
                ],
                [
                    -0.0,
                    0.9199825240226923,
                    0.3919593799015866,
                    0.49708056631334907
                ],
                [
                    0.0,
                    0.0,
                    0.0,
                    1.0
                ]
            ]
        },
        {
            "file_path": "./train/01",
            "rotation": 0.17453292519943295,
            "transform_matrix": [
                [
                    0.29267913219683117,
                    -0.4518373366188997,
                    0.8427229359722263,
                    1.1396685059975329
                ],
                [
                    0.9562107119126567,
                    0.13829939147118295,
                    -0.25794253767494546,
                    -0.3488323077454556
                ],
                [
                    -0.0,
                    0.8813150966344782,
                    0.47252904719621247,
                    0.6390314660621669
                ],
                [
                    0.0,
                    0.0,
                    0.0,
                    1.0
                ]
            ]
        },
        {
            "file_path": "./train/02",
            "rotation": 0.17453292519943295,
            "transform_matrix": [
                [
                    0.47982717380661766,
                    -0.31799463941200284,
                    0.8177073392002693,
                    1.1381661671766237
                ],
                [
                    0.8773630282139508,
                    0.17391030190242704,
                    -0.44720165877985374,
                    -0.6224596179194068
                ],
                [
                    -0.0,
                    0.9320056953674891,
                    0.3624436284480154,
                    0.5044849858039897
                ],
                [
                    0.0,
                    0.0,
                    0.0,
                    1.0
                ]
            ]
        },
        {
            "file_path": "./train/03",
            "rotation": 0.17453292519943295,
            "transform_matrix": [
                [
                    0.6340101877419027,
                    -0.28541497051460857,
                    0.7187276093525435,
                    0.9242427429061699
                ],
                [
                    0.7733246936697918,
                    0.23399744055966284,
                    -0.589248772567283,
                    -0.7577403382378526
                ],
                [
                    -0.0,
                    0.9293995332566464,
                    0.3690752058623389,
                    0.4746096798927156
                ],
                [
                    0.0,
                    0.0,
                    0.0,
                    1.0
                ]
            ]
        },
        {
            "file_path": "./train/04",
            "rotation": 0.17453292519943295,
            "transform_matrix": [
                [
                    0.8077491648443892,
                    -0.2537980815967707,
                    0.5320975666839596,
                    0.6870831972211292
                ],
                [
                    0.5895263240035952,
                    0.34774560541532235,
                    -0.7290622108031243,
                    -0.9414183152415011
                ],
                [
                    -0.0,
                    0.9025849143942801,
                    0.4305118724354418,
                    0.555908337634417
                ],
                [
                    0.0,
                    0.0,
                    0.0,
                    1.0
                ]
            ]
        },
        {
            "file_path": "./train/05",
            "rotation": 0.17453292519943295,
            "transform_matrix": [
                [
                    0.8897842182616181,
                    -0.18874373422569726,
                    0.4155235826317207,
                    0.5085106118700091
                ],
                [
                    0.4563814686559491,
                    0.3679842577841301,
                    -0.8101256329054783,
                    -0.991417812368695
                ],
                [
                    -0.0,
                    0.910474265871146,
                    0.4135657277705658,
                    0.5061146227733304
                ],
                [
                    0.0,
                    0.0,
                    0.0,
                    1.0
                ]
            ]
        },
        {
            "file_path": "./train/06",
            "rotation": 0.17453292519943295,
            "transform_matrix": [
                [
                    0.9373235266672297,
                    -0.16716146996122905,
                    0.30574768897983223,
                    0.4658360270918001
                ],
                [
                    0.34846033684783567,
                    0.44964766998821365,
                    -0.8224307670059915,
                    -1.2530524182814158
                ],
                [
                    -0.0,
                    0.8774246496620502,
                    0.47971448192172433,
                    0.7308911774360384
                ],
                [
                    0.0,
                    0.0,
                    0.0,
                    1.0
                ]
            ]
        },
        {
            "file_path": "./train/07",
            "rotation": 0.17453292519943295,
            "transform_matrix": [
                [
                    0.9763015881321857,
                    -0.07406566803786727,
                    0.20334572980192261,
                    0.2585709756759934
                ],
                [
                    0.21641443808251815,
                    0.33412941378647454,
                    -0.9173452598842677,
                    -1.1664806490457227
                ],
                [
                    -0.0,
                    0.9396125859421058,
                    0.3422399572510327,
                    0.43518651583148754
                ],
                [
                    0.0,
                    0.0,
                    0.0,
                    1.0
                ]
            ]
        },
        {
            "file_path": "./train/08",
            "rotation": 0.17453292519943295,
            "transform_matrix": [
                [
                    0.9995227132808313,
                    -0.01467229735577231,
                    0.02718582950783228,
                    0.03439279883951868
                ],
                [
                    0.03089248510115571,
                    0.4747204511091944,
                    -0.8795943085667153,
                    -1.112774951605026
                ],
                [
                    -0.0,
                    0.8800143277180132,
                    0.4749471370700251,
                    0.6008557266920477
                ],
                [
                    0.0,
                    0.0,
                    0.0,
                    1.0
                ]
            ]
        },
        {
            "file_path": "./train/09",
            "rotation": 0.17453292519943295,
            "transform_matrix": [
                [
                    0.9819010581007129,
                    0.06829617093084499,
                    -0.17665204537985138,
                    -0.27755233651542643
                ],
                [
                    -0.18939459364168837,
                    0.3540760124763297,
                    -0.9158383401497022,
                    -1.4389477949851837
                ],
                [
                    0.0,
                    0.9327195775928834,
                    0.3606025368393201,
                    0.566571852807763
                ],
                [
                    0.0,
                    0.0,
                    0.0,
                    1.0
                ]
            ]
        },
        {
            "file_path": "./train/10",
            "rotation": 0.17453292519943295,
            "transform_matrix": [
                [
                    0.9313634083572236,
                    0.14620431600139258,
                    -0.33344639682530763,
                    -0.5021156729759012
                ],
                [
                    -0.36409092487071903,
                    0.3739981987080409,
                    -0.8529731213760052,
                    -1.2844378495247302
                ],
                [
                    0.0,
                    0.915832760576791,
                    0.401559901701221,
                    0.6046834579786415
                ],
                [
                    0.0,
                    0.0,
                    0.0,
                    1.0
                ]
            ]
        },
        {
            "file_path": "./train/11",
            "rotation": 0.17453292519943295,
            "transform_matrix": [
                [
                    0.8850640205224294,
                    0.20978815220124059,
                    -0.41551246765008376,
                    -0.7153106751362497
                ],
                [
                    -0.4654693111008209,
                    0.3989005096943627,
                    -0.7900738597048411,
                    -1.3601234860391764
                ],
                [
                    0.0,
                    0.892674248850927,
                    0.45070243558076456,
                    0.7758907098603008
                ],
                [
                    0.0,
                    0.0,
                    0.0,
                    1.0
                ]
            ]
        },
        {
            "file_path": "./train/12",
            "rotation": 0.17453292519943295,
            "transform_matrix": [
                [
                    0.752557991182946,
                    0.2463601227973006,
                    -0.6107070982082883,
                    -0.8164255513611154
                ],
                [
                    -0.6585259827119117,
                    0.2815382900404529,
                    -0.6979109694899549,
                    -0.9330042990141784
                ],
                [
                    0.0,
                    0.9273849692206558,
                    0.37410843196004445,
                    0.5001279397732673
                ],
                [
                    0.0,
                    0.0,
                    0.0,
                    1.0
                ]
            ]
        },
        {
            "file_path": "./train/13",
            "rotation": 0.17453292519943295,
            "transform_matrix": [
                [
                    0.6173700763046026,
                    0.2778047892542522,
                    -0.7359882390032124,
                    -0.939509801945305
                ],
                [
                    -0.7866728601417804,
                    0.21801739023864528,
                    -0.5775934804599868,
                    -0.737314413022153
                ],
                [
                    0.0,
                    0.9355709041119924,
                    0.3531389009710899,
                    0.4507917943904579
                ],
                [
                    0.0,
                    0.0,
                    0.0,
                    1.0
                ]
            ]
        },
        {
            "file_path": "./train/14",
            "rotation": 0.17453292519943295,
            "transform_matrix": [
                [
                    0.4764884468390129,
                    0.33701332206384116,
                    -0.8120226479479737,
                    -0.9783557493740578
                ],
                [
                    -0.8791807322894111,
                    0.18265067522134298,
                    -0.44009086654035706,
                    -0.5302382028565733
                ],
                [
                    0.0,
                    0.9236128797243363,
                    0.38332655583368974,
                    0.46184640383536973
                ],
                [
                    0.0,
                    0.0,
                    0.0,
                    1.0
                ]
            ]
        },
        {
            "file_path": "./train/15",
            "rotation": 0.17453292519943295,
            "transform_matrix": [
                [
                    0.34045771297218047,
                    0.396764316605739,
                    -0.8524474310748629,
                    -1.0472690639923834
                ],
                [
                    -0.9402598288120961,
                    0.14366398274317327,
                    -0.3086618123199189,
                    -0.3792045767219701
                ],
                [
                    0.0,
                    0.9066083703180497,
                    0.42197305941167607,
                    0.5184124144791499
                ],
                [
                    0.0,
                    0.0,
                    0.0,
                    1.0
                ]
            ]
        },
        {
            "file_path": "./train/16",
            "rotation": 0.17453292519943295,
            "transform_matrix": [
                [
                    0.10278945946107433,
                    0.4871714642812666,
                    -0.8672360067558004,
                    -1.297749223920451
                ],
                [
                    -0.994703135123088,
                    0.050342750223799075,
                    -0.08961741167989634,
                    -0.13410527878381034
                ],
                [
                    0.0,
                    0.8718541001164992,
                    0.48976568694636957,
                    0.7328951233415409
                ],
                [
                    0.0,
                    0.0,
                    0.0,
                    1.0
                ]
            ]
        },
        {
            "file_path": "./train/17",
            "rotation": 0.17453292519943295,
            "transform_matrix": [
                [
                    -0.041659237060881316,
                    0.4572185428805918,
                    -0.8883781357134212,
                    -1.3794554116744124
                ],
                [
                    -0.9991318771651244,
                    -0.019063925495538345,
                    0.037041311763965246,
                    0.05751699182385561
                ],
                [
                    0.0,
                    0.8891500271556252,
                    0.45761580961451825,
                    0.7105764760110563
                ],
                [
                    0.0,
                    0.0,
                    0.0,
                    1.0
                ]
            ]
        },
        {
            "file_path": "./train/18",
            "rotation": 0.17453292519943295,
            "transform_matrix": [
                [
                    -0.0959648409096761,
                    0.4775446136358895,
                    -0.873350955399105,
                    -1.4981149346589873
                ],
                [
                    -0.9953847242695563,
                    -0.04603998007752278,
                    0.08419958981658253,
                    0.1444329593006962
                ],
                [
                    0.0,
                    0.8774004001719,
                    0.4797588329339958,
                    0.8229611111200275
                ],
                [
                    0.0,
                    0.0,
                    0.0,
                    1.0
                ]
            ]
        },
        {
            "file_path": "./train/19",
            "rotation": 0.17453292519943295,
            "transform_matrix": [
                [
                    -0.41426078576040787,
                    0.3911804928911436,
                    -0.8218064391099715,
                    -1.1007702467325382
                ],
                [
                    -0.9101582287608949,
                    -0.17804677608622785,
                    0.3740472485450617,
                    0.5010183207088219
                ],
                [
                    0.0,
                    0.9029270000984257,
                    0.4297939418992052,
                    0.5756883384619343
                ],
                [
                    0.0,
                    0.0,
                    0.0,
                    1.0
                ]
            ]
        },
        {
            "file_path": "./train/20",
            "rotation": 0.17453292519943295,
            "transform_matrix": [
                [
                    -0.43700970560631275,
                    0.34679800504178426,
                    -0.8299118392365074,
                    -1.3098328752739583
                ],
                [
                    -0.8994567900715875,
                    -0.16849513590986906,
                    0.40322062443385864,
                    0.6363948613600268
                ],
                [
                    0.0,
                    0.9226811653403104,
                    0.385563830158181,
                    0.6085275042254327
                ],
                [
                    0.0,
                    0.0,
                    0.0,
                    1.0
                ]
            ]
        },
        {
            "file_path": "./train/21",
            "rotation": 0.17453292519943295,
            "transform_matrix": [
                [
                    -0.5870471814566441,
                    0.28935675154114754,
                    -0.7560742536823777,
                    -1.0439407501389526
                ],
                [
                    -0.8095527201756596,
                    -0.20982705782376102,
                    0.5482672697336711,
                    0.757013669034217
                ],
                [
                    0.0,
                    0.9339407241054319,
                    0.3574279282001077,
                    0.49351446325347736
                ],
                [
                    0.0,
                    0.0,
                    0.0,
                    1.0
                ]
            ]
        },
        {
            "file_path": "./train/22",
            "rotation": 0.17453292519943295,
            "transform_matrix": [
                [
                    -0.7224183405357281,
                    0.2534889282649481,
                    -0.6433157113771534,
                    -0.9534988942069849
                ],
                [
                    -0.6914562468136396,
                    -0.264839679654669,
                    0.6721221636152221,
                    0.9961947585691753
                ],
                [
                    0.0,
                    0.930378045381285,
                    0.36660154483103274,
                    0.5433633306773551
                ],
                [
                    0.0,
                    0.0,
                    0.0,
                    1.0
                ]
            ]
        },
        {
            "file_path": "./train/23",
            "rotation": 0.17453292519943295,
            "transform_matrix": [
                [
                    -0.8943805197447918,
                    0.1795686978435531,
                    -0.409681057233315,
                    -0.6150053096161885
                ],
                [
                    -0.44730692583620474,
                    -0.35904372597624873,
                    0.8191484095913611,
                    1.229689809591168
                ],
                [
                    0.0,
                    0.9158835546028017,
                    0.40144403645855403,
                    0.6026400527353661
                ],
                [
                    0.0,
                    0.0,
                    0.0,
                    1.0
                ]
            ]
        },
        {
            "file_path": "./train/24",
            "rotation": 0.17453292519943295,
            "transform_matrix": [
                [
                    -0.9619975863528206,
                    0.10862385948657195,
                    -0.2505224560824618,
                    -0.41061935797353705
                ],
                [
                    -0.27305794962122515,
                    -0.3826875972348089,
                    0.8826038517201821,
                    1.446633697455928
                ],
                [
                    0.0,
                    0.9174699232524683,
                    0.3978051532183939,
                    0.6520233721456666
                ],
                [
                    0.0,
                    0.0,
                    0.0,
                    1.0
                ]
            ]
        },
        {
            "file_path": "./train/25",
            "rotation": 0.17453292519943295,
            "transform_matrix": [
                [
                    -0.96981204922198,
                    0.08920878740921288,
                    -0.22695017389912178,
                    -0.36116542552800274
                ],
                [
                    -0.2438536224538478,
                    -0.3547856130056499,
                    0.9025866050525797,
                    1.4363640692101347
                ],
                [
                    0.0,
                    0.9306819870681838,
                    0.3658292483479375,
                    0.582175699098169
                ],
                [
                    0.0,
                    0.0,
                    0.0,
                    1.0
                ]
            ]
        },
        {
            "file_path": "./train/26",
            "rotation": 0.17453292519943295,
            "transform_matrix": [
                [
                    -0.9984037826579343,
                    -0.02180974666762195,
                    0.05209819310323962,
                    0.09067182841725964
                ],
                [
                    0.05647908262647589,
                    -0.38553978852265425,
                    0.9209610114937432,
                    1.6028428979805438
                ],
                [
                    -0.0,
                    0.9224334157087986,
                    0.3861561777102612,
                    0.6720671985346145
                ],
                [
                    0.0,
                    0.0,
                    0.0,
                    1.0
                ]
            ]
        },
        {
            "file_path": "./train/27",
            "rotation": 0.17453292519943295,
            "transform_matrix": [
                [
                    -0.9710021470278952,
                    -0.09909954784817404,
                    0.21756403674207103,
                    0.28826164947312183
                ],
                [
                    0.23907076455982185,
                    -0.40249954404605737,
                    0.8836511113417435,
                    1.170794266959249
                ],
                [
                    -0.0,
                    0.9100403269410666,
                    0.4145197261180662,
                    0.5492182521489053
                ],
                [
                    0.0,
                    0.0,
                    0.0,
                    1.0
                ]
            ]
        },
        {
            "file_path": "./train/28",
            "rotation": 0.17453292519943295,
            "transform_matrix": [
                [
                    -0.9315309601304319,
                    -0.17445041508272285,
                    0.3190879549527707,
                    0.4356430083897366
                ],
                [
                    0.36366202760045724,
                    -0.4468598597698543,
                    0.8173531644326034,
                    1.115912355648129
                ],
                [
                    -0.0,
                    0.8774299507105577,
                    0.4797047858798869,
                    0.6549292532543267
                ],
                [
                    0.0,
                    0.0,
                    0.0,
                    1.0
                ]
            ]
        },
        {
            "file_path": "./train/29",
            "rotation": 0.17453292519943295,
            "transform_matrix": [
                [
                    -0.8573259060413982,
                    -0.18457671801147296,
                    0.4805452382434029,
                    0.6264249870497746
                ],
                [
                    0.5147740191873476,
                    -0.30740168715807464,
                    0.8003198809863925,
                    1.0432740378724596
                ],
                [
                    -0.0,
                    0.9335071707815009,
                    0.3585587289406264,
                    0.4674068729809103
                ],
                [
                    0.0,
                    0.0,
                    0.0,
                    1.0
                ]
            ]
        },
        {
            "file_path": "./train/30",
            "rotation": 0.17453292519943295,
            "transform_matrix": [
                [
                    -0.7868458379656279,
                    -0.27204471736245206,
                    0.5539542391130808,
                    0.8654981791543007
                ],
                [
                    0.6171495987815019,
                    -0.34684824233834866,
                    0.7062737921731411,
                    1.1034822697429958
                ],
                [
                    -0.0,
                    0.897601230247587,
                    0.44080838406048756,
                    0.6887190797043812
                ],
                [
                    0.0,
                    0.0,
                    0.0,
                    1.0
                ]
            ]
        },
        {
            "file_path": "./train/31",
            "rotation": 0.17453292519943295,
            "transform_matrix": [
                [
                    -0.6347387570267203,
                    -0.2772702619878651,
                    0.7212682664205842,
                    1.0215166448629804
                ],
                [
                    0.7727268018699585,
                    -0.22775731478286226,
                    0.5924693200788764,
                    0.8391014830511236
                ],
                [
                    -0.0,
                    0.9334065606047993,
                    0.358820557688546,
                    0.5081897946472671
                ],
                [
                    0.0,
                    0.0,
                    0.0,
                    1.0
                ]
            ]
        },
        {
            "file_path": "./train/32",
            "rotation": 0.17453292519943295,
            "transform_matrix": [
                [
                    -0.5207039842607774,
                    -0.41361613620316545,
                    0.7468527650396138,
                    1.1141460589120535
                ],
                [
                    0.8537372902567582,
                    -0.25226913774700466,
                    0.45551390908009676,
                    0.6795302238109736
                ],
                [
                    -0.0,
                    0.8748039631898951,
                    0.4844770644594569,
                    0.7227371140175861
                ],
                [
                    0.0,
                    0.0,
                    0.0,
                    1.0
                ]
            ]
        },
        {
            "file_path": "./train/33",
            "rotation": 0.17453292519943295,
            "transform_matrix": [
                [
                    -0.2605173043177322,
                    -0.4177267493297234,
                    0.8704223670411074,
                    1.2449770628675678
                ],
                [
                    0.9654691782501511,
                    -0.11271726651494642,
                    0.23487035504374837,
                    0.3359382936941683
                ],
                [
                    -0.0,
                    0.9015537591978755,
                    0.4326670998310122,
                    0.618849693601225
                ],
                [
                    0.0,
                    0.0,
                    0.0,
                    1.0
                ]
            ]
        },
        {
            "file_path": "./train/34",
            "rotation": 0.17453292519943295,
            "transform_matrix": [
                [
                    -0.2383178254146724,
                    -0.36950190363910324,
                    0.8981497410213402,
                    1.5340445620822134
                ],
                [
                    0.971187218866487,
                    -0.09067138493094061,
                    0.22039529456202886,
                    0.37643634205908516
                ],
                [
                    -0.0,
                    0.9247956764398199,
                    0.38046413344521185,
                    0.6498347751180626
                ],
                [
                    0.0,
                    0.0,
                    0.0,
                    1.0
                ]
            ]
        },
        {
            "file_path": "./train/35",
            "rotation": 0.17453292519943295,
            "transform_matrix": [
                [
                    -0.011552558201747117,
                    -0.4906602237188299,
                    0.8712744018156294,
                    1.3635402596035728
                ],
                [
                    0.9999332669728491,
                    -0.005668759085247991,
                    0.010066119979325347,
                    0.01575342948353309
                ],
                [
                    -0.0,
                    0.8713325484742442,
                    0.49069296914606264,
                    0.7679321430088959
                ],
                [
                    0.0,
                    0.0,
                    0.0,
                    1.0
                ]
            ]
        }
    ]
}