{
    "camera_angle_x": 0.8575560548920328,
    "frames": [
        {
            "file_path": "./train/00",
            "rotation": 0.17453292519943295,
            "transform_matrix": [
                [
                    0.25524632681118065,
                    -0.40640034163175576,
                    0.8773186849548983,
                    1.2863951893118046
                ],
                [
                    0.9668760585770029,
                    0.10728592718386487,
                    -0.2316040094188753,
                    -0.3395964187826268
                ],
                [
                    -0.0,
                    0.9073745049040615,
                    0.4203230993534728,
                    0.6163115208161009
                ],
                [
                    0.0,
                    0.0,
                    0.0,
                    1.0
                ]
            ]
        },
        {
            "file_path": "./train/01",
            "rotation": 0.17453292519943295,
            "transform_matrix": [
                [
                    0.3671099128702486,
                    -0.4320035022753831,
                    0.8237738074824918,
                    1.1738158249172594
                ],
                [
                    0.9301775700759498,
                    0.17049730415130188,
                    -0.3251159137980483,
                    -0.4632657667459227
                ],
                [
                    -0.0,
                    0.8856091933234103,
                    0.4644312184824126,
                    0.6617796158223295
                ],
                [
                    0.0,
                    0.0,
                    0.0,
                    1.0
                ]
            ]
        },
        {
            "file_path": "./train/02",
            "rotation": 0.17453292519943295,
            "transform_matrix": [
                [
                    0.5552461678095839,
                    -0.3206827866651251,
                    0.7673749041175775,
                    0.9446062610484672
                ],
                [
                    0.8316860544296576,
                    0.21409267046134997,
                    -0.512311072808266,
                    -0.6306334027637122
                ],
                [
                    -0.0,
                    0.9226737661770913,
                    0.3855815363948102,
                    0.4746346687504115
                ],
                [
                    0.0,
                    0.0,
                    0.0,
                    1.0
                ]
            ]
        },
        {
            "file_path": "./train/03",
            "rotation": 0.17453292519943295,
            "transform_matrix": [
                [
                    0.6523972804078952,
                    -0.3070616492380156,
                    0.6928859444985243,
                    1.0713787051488526
                ],
                [
                    0.7578771592523305,
                    0.2643254021246299,
                    -0.5964514173637872,
                    -0.922266286815655
                ],
                [
                    -0.0,
                    0.9142457138859785,
                    0.4051601839286746,
                    0.6264811642983167
                ],
                [
                    0.0,
                    0.0,
                    0.0,
                    1.0
                ]
            ]
        },
        {
            "file_path": "./train/04",
            "rotation": 0.17453292519943295,
            "transform_matrix": [
                [
                    0.7637009230877474,
                    -0.29406377323938315,
                    0.5747063574932325,
                    0.9837549837260164
                ],
                [
                    0.6455702131255148,
                    0.34787350857205623,
                    -0.6798699301769751,
                    -1.1637689811095118
                ],
                [
                    -0.0,
                    0.8902305989472526,
                    0.45551013237689436,
                    0.779720559936113
                ],
                [
                    0.0,
                    0.0,
                    0.0,
                    1.0
                ]
            ]
        },
        {
            "file_path": "./train/05",
            "rotation": 0.17453292519943295,
            "transform_matrix": [
                [
                    0.8719359613989108,
                    -0.24181019457574207,
                    0.42574112911321926,
                    0.6933916547013916
                ],
                [
                    0.4896199334375155,
                    0.43062585912949725,
                    -0.7581778750594251,
                    -1.2348212925550686
                ],
                [
                    -0.0,
                    0.8695338976993503,
                    0.4938732638559976,
                    0.8043563945799056
                ],
                [
                    0.0,
                    0.0,
                    0.0,
                    1.0
                ]
            ]
        },
        {
            "file_path": "./train/06",
            "rotation": 0.17453292519943295,
            "transform_matrix": [
                [
                    0.943479126379298,
                    -0.13517973071801118,
                    0.302611266296486,
                    0.39296269989652177
                ],
                [
                    0.3314319509138441,
                    0.38481279155603143,
                    -0.8614359972559179,
                    -1.1186371856296915
                ],
                [
                    -0.0,
                    0.9130419244798458,
                    0.40786571827274193,
                    0.5296432476200637
                ],
                [
                    0.0,
                    0.0,
                    0.0,
                    1.0
                ]
            ]
        },
        {
            "file_path": "./train/07",
            "rotation": 0.17453292519943295,
            "transform_matrix": [
                [
                    0.9847121255656555,
                    -0.08521993463084021,
                    0.15191969097350114,
                    0.18808756407009486
                ],
                [
                    0.17418963736103465,
                    0.48175714837140315,
                    -0.8588178038612644,
                    -1.063278549825838
                ],
                [
                    -0.0,
                    0.8721511409925284,
                    0.4892365350885304,
                    0.6057102114231249
                ],
                [
                    0.0,
                    0.0,
                    0.0,
                    1.0
                ]
            ]
        },
        {
            "file_path": "./train/08",
            "rotation": 0.17453292519943295,
            "transform_matrix": [
                [
                    0.9993935751804925,
                    0.015337198975907098,
                    -0.03126103350061437,
                    -0.04503324308725039
                ],
                [
                    -0.034820710618152236,
                    0.44019486810231445,
                    -0.8972268365404775,
                    -1.292504748236744
                ],
                [
                    0.0,
                    0.8977712673192205,
                    0.4404619751761105,
                    0.634509770715239
                ],
                [
                    0.0,
                    0.0,
                    0.0,
                    1.0
                ]
            ]
        },
        {
            "file_path": "./train/09",
            "rotation": 0.17453292519943295,
            "transform_matrix": [
                [
                    0.9660366131419189,
                    0.11487148922912147,
                    -0.23146879494129288,
                    -0.4016561478059451
                ],
                [
                    -0.2584052284093541,
                    0.42944202439153073,
                    -0.8653359380132166,
                    -1.5015738925352151
                ],
                [
                    0.0,
                    0.895758945614716,
                    0.4445401121959775,
                    0.7713880787047123
                ],
                [
                    0.0,
                    0.0,
                    0.0,
                    1.0
                ]
            ]
        },
        {
            "file_path": "./train/10",
            "rotation": 0.17453292519943295,
            "transform_matrix": [
                [
                    0.9112056656265729,
                    0.15033232103224345,
                    -0.3835419510080908,
                    -0.6394943297634375
                ],
                [
                    -0.4119517385932899,
                    0.33252356967623764,
                    -0.8483653933770154,
                    -1.414512433923258
                ],
                [
                    0.0,
                    0.9310361265078981,
                    0.3649270216593575,
                    0.6084569380617645
                ],
                [
                    0.0,
                    0.0,
                    0.0,
                    1.0
                ]
            ]
        },
        {
            "file_path": "./train/11",
            "rotation": 0.17453292519943295,
            "transform_matrix": [
                [
                    0.886674640557336,
                    0.21267558177746598,
                    -0.41058151286697675,
                    -0.6214215508649773
                ],
                [
                    -0.4623938600290006,
                    0.4078212565712484,
                    -0.7873206087078688,
                    -1.1916220734705003
                ],
                [
                    0.0,
                    0.8879475883205407,
                    0.4599446492739486,
                    0.6961334310160894
                ],
                [
                    0.0,
                    0.0,
                    0.0,
                    1.0
                ]
            ]
        },
        {
            "file_path": "./train/12",
            "rotation": 0.17453292519943295,
            "transform_matrix": [
                [
                    0.813666799401739,
                    0.24907343244838495,
                    -0.5252701826676534,
                    -0.6474949701397312
                ],
                [
                    -0.5813315229293265,
                    0.3486182575736921,
                    -0.7351999530297542,
                    -0.9062731663467167
                ],
                [
                    0.0,
                    0.9035639079415815,
                    0.4284533396594515,
                    0.5281498770026197
                ],
                [
                    0.0,
                    0.0,
                    0.0,
                    1.0
                ]
            ]
        },
        {
            "file_path": "./train/13",
            "rotation": 0.17453292519943295,
            "transform_matrix": [
                [
                    0.6178441139512367,
                    0.3868879832198734,
                    -0.6845336655679325,
                    -1.0965347385738111
                ],
                [
                    -0.7863006109979892,
                    0.3040013702742435,
                    -0.5378796482630395,
                    -0.8616138974011555
                ],
                [
                    0.0,
                    0.8705750141782391,
                    0.4920357148506181,
                    0.7881778224962377
                ],
                [
                    0.0,
                    0.0,
                    0.0,
                    1.0
                ]
            ]
        },
        {
            "file_path": "./train/14",
            "rotation": 0.17453292519943295,
            "transform_matrix": [
                [
                    0.5482855624561294,
                    0.3325820866438767,
                    -0.7673148621301237,
                    -1.080586898023397
                ],
                [
                    -0.8362911825447915,
                    0.2180460110597955,
                    -0.5030636093564567,
                    -0.7084496495139716
                ],
                [
                    0.0,
                    0.9175211674422102,
                    0.39768694634785734,
                    0.5600508017601156
                ],
                [
                    0.0,
                    0.0,
                    0.0,
                    1.0
                ]
            ]
        },
        {
            "file_path": "./train/15",
            "rotation": 0.17453292519943295,
            "transform_matrix": [
                [
                    0.4192821141502054,
                    0.31177549679987093,
                    -0.8526420986257527,
                    -1.2555893036024364
                ],
                [
                    -0.9078559956037819,
                    0.14398967465268775,
                    -0.39378225561810043,
                    -0.5798784611965838
                ],
                [
                    0.0,
                    0.9391820979919745,
                    0.3434195492562897,
                    0.5057150161704951
                ],
                [
                    0.0,
                    0.0,
                    0.0,
                    1.0
                ]
            ]
        },
        {
            "file_path": "./train/16",
            "rotation": 0.17453292519943295,
            "transform_matrix": [
                [
                    0.11167636143117513,
                    0.4609225576743516,
                    -0.8803855894574988,
                    -1.281935330096437
                ],
                [
                    -0.9937446303238542,
                    0.051798170849836435,
                    -0.09893714772075053,
                    -0.1440630408323183
                ],
                [
                    0.0,
                    0.8859273928057226,
                    0.46382394793332393,
                    0.675377144879133
                ],
                [
                    0.0,
                    0.0,
                    0.0,
                    1.0
                ]
            ]
        },
        {
            "file_path": "./train/17",
            "rotation": 0.17453292519943295,
            "transform_matrix": [
                [
                    0.007236482180682155,
                    0.3769194773409199,
                    -0.9262177610727925,
                    -1.1795629532506675
                ],
                [
                    -0.9999738163200318,
                    0.0027276425010479134,
                    -0.006702733825671988,
                    -0.008536109798958422
                ],
                [
                    0.0,
                    0.926242013497247,
                    0.3769293467383055,
                    0.480029548224716
                ],
                [
                    0.0,
                    0.0,
                    0.0,
                    1.0
                ]
            ]
        },
        {
            "file_path": "./train/18",
            "rotation": 0.17453292519943295,
            "transform_matrix": [
                [
                    -0.19541110530488914,
                    0.4296602510962075,
                    -0.881593199016114,
                    -1.2136233025281378
                ],
                [
                    -0.9807214181017572,
                    -0.08561084016579985,
                    0.17565956883296835,
                    0.241817366882658
                ],
                [
                    0.0,
                    0.8989231628309785,
                    0.43810631965990876,
                    0.6031081445699628
                ],
                [
                    0.0,
                    0.0,
                    0.0,
                    1.0
                ]
            ]
        },
        {
            "file_path": "./train/19",
            "rotation": 0.17453292519943295,
            "transform_matrix": [
                [
                    -0.28586434313245274,
                    0.4751231832759718,
                    -0.8321896046209414,
                    -1.2323922828274276
                ],
                [
                    -0.9582700962283293,
                    -0.14173538048277287,
                    0.24825290450255014,
                    0.3676385309304527
                ],
                [
                    0.0,
                    0.8684290659766697,
                    0.4958134299985117,
                    0.7342517155458669
                ],
                [
                    0.0,
                    0.0,
                    0.0,
                    1.0
                ]
            ]
        },
        {
            "file_path": "./train/20",
            "rotation": 0.17453292519943295,
            "transform_matrix": [
                [
                    -0.48210210186661623,
                    0.3357695541569727,
                    -0.8092196054699976,
                    -0.9959765625561159
                ],
                [
                    -0.8761150400351491,
                    -0.18476478590688145,
                    0.4452913770925656,
                    0.5480586136255886
                ],
                [
                    0.0,
                    0.9236453758829803,
                    0.38324824801946317,
                    0.471696768204698
                ],
                [
                    0.0,
                    0.0,
                    0.0,
                    1.0
                ]
            ]
        },
        {
            "file_path": "./train/21",
            "rotation": 0.17453292519943295,
            "transform_matrix": [
                [
                    -0.6013253316793765,
                    0.39802464170671076,
                    -0.6928089419709681,
                    -0.9070514091698434
                ],
                [
                    -0.7990042837686715,
                    -0.2995507089923781,
                    0.521403420837911,
                    0.6826408825953382
                ],
                [
                    0.0,
                    0.867090397442163,
                    0.49815082320878673,
                    0.6521977110820577
                ],
                [
                    0.0,
                    0.0,
                    0.0,
                    1.0
                ]
            ]
        },
        {
            "file_path": "./train/22",
            "rotation": 0.17453292519943295,
            "transform_matrix": [
                [
                    -0.7949892366959279,
                    0.2682957123562857,
                    -0.544067573256171,
                    -0.6425327583219976
                ],
                [
                    -0.6066235352651806,
                    -0.3516055529920626,
                    0.7130087107234525,
                    0.8420488118174296
                ],
                [
                    0.0,
                    0.8968784454073914,
                    0.4422771237172695,
                    0.5223203039725605
                ],
                [
                    0.0,
                    0.0,
                    0.0,
                    1.0
                ]
            ]
        },
        {
            "file_path": "./train/23",
            "rotation": 0.17453292519943295,
            "transform_matrix": [
                [
                    -0.878389251364422,
                    0.21572988532026638,
                    -0.42648908505043237,
                    -0.5078373956462546
                ],
                [
                    -0.4779459415953338,
                    -0.39647750084640837,
                    0.7838196656343448,
                    0.9333250289511957
                ],
                [
                    0.0,
                    0.892337496635825,
                    0.4513687983209617,
                    0.5374626527386773
                ],
                [
                    0.0,
                    0.0,
                    0.0,
                    1.0
                ]
            ]
        },
        {
            "file_path": "./train/24",
            "rotation": 0.17453292519943295,
            "transform_matrix": [
                [
                    -0.9151652139968639,
                    0.18355144535325055,
                    -0.3588613910673689,
                    -0.578455255484066
                ],
                [
                    -0.4030789390306499,
                    -0.4167419368774515,
                    0.8147720705556591,
                    1.313346038237021
                ],
                [
                    0.0,
                    0.8903005250792358,
                    0.45537344569445093,
                    0.734024805751234
                ],
                [
                    0.0,
                    0.0,
                    0.0,
                    1.0
                ]
            ]
        },
        {
            "file_path": "./train/25",
            "rotation": 0.17453292519943295,
            "transform_matrix": [
                [
                    -0.9807185741197492,
                    0.09334092604599503,
                    -0.17169318536681094,
                    -0.2592787240761482
                ],
                [
                    -0.1954253780257979,
                    -0.468420124466951,
                    0.861621441595925,
                    1.3011588522652406
                ],
                [
                    0.0,
                    0.8785613572877208,
                    0.4776295023140403,
                    0.7212817892366316
                ],
                [
                    0.0,
                    0.0,
                    0.0,
                    1.0
                ]
            ]
        },
        {
            "file_path": "./train/26",
            "rotation": 0.17453292519943295,
            "transform_matrix": [
                [
                    -0.99783562970004,
                    0.02625353102931433,
                    -0.06028937061885311,
                    -0.10229010657133729
                ],
                [
                    -0.06575755546798101,
                    -0.39838325010790937,
                    0.9148588579296449,
                    1.5521974954253634
                ],
                [
                    0.0,
                    0.9168432462214856,
                    0.3992473692562648,
                    0.6773840152973596
                ],
                [
                    0.0,
                    0.0,
                    0.0,
                    1.0
                ]
            ]
        },
        {
            "file_path": "./train/27",
            "rotation": 0.17453292519943295,
            "transform_matrix": [
                [
                    -0.971783494614761,
                    -0.1178104357676858,
                    0.20434661929807102,
                    0.2557069254594289
                ],
                [
                    0.235874626855715,
                    -0.48536902208833593,
                    0.8418907724893353,
                    1.053490885953422
                ],
                [
                    -0.0,
                    0.8663357395497663,
                    0.4994620970391643,
                    0.6249964773388803
                ],
                [
                    0.0,
                    0.0,
                    0.0,
                    1.0
                ]
            ]
        },
        {
            "file_path": "./train/28",
            "rotation": 0.17453292519943295,
            "transform_matrix": [
                [
                    -0.9396786762980109,
                    -0.14389573730379254,
                    0.3103191938901232,
                    0.41070351813518796
                ],
                [
                    0.34205845306148763,
                    -0.39530014459326346,
                    0.8524868388272789,
                    1.1282555212948817
                ],
                [
                    -0.0,
                    0.9072110076880366,
                    0.42067586991608763,
                    0.5567591794863092
                ],
                [
                    0.0,
                    0.0,
                    0.0,
                    1.0
                ]
            ]
        },
        {
            "file_path": "./train/29",
            "rotation": 0.17453292519943295,
            "transform_matrix": [
                [
                    -0.905161711218206,
                    -0.15608694379038965,
                    0.39537215698972117,
                    0.6264794456654589
                ],
                [
                    0.4250673788289675,
                    -0.332380070024091,
                    0.8419270826539857,
                    1.3340595757872717
                ],
                [
                    -0.0,
                    0.9301399652896096,
                    0.36720518102423866,
                    0.5818479986174905
                ],
                [
                    0.0,
                    0.0,
                    0.0,
                    1.0
                ]
            ]
        },
        {
            "file_path": "./train/30",
            "rotation": 0.17453292519943295,
            "transform_matrix": [
                [
                    -0.7218536435798377,
                    -0.2624929455669589,
                    0.6403317661791379,
                    0.8198869022210812
                ],
                [
                    0.6920457479462703,
                    -0.2737990800952432,
                    0.6679122296293772,
                    0.8552011907421232
                ],
                [
                    -0.0,
                    0.9252737526086969,
                    0.37929999042106477,
                    0.4856593262808901
                ],
                [
                    0.0,
                    0.0,
                    0.0,
                    1.0
                ]
            ]
        },
        {
            "file_path": "./train/31",
            "rotation": 0.17453292519943295,
            "transform_matrix": [
                [
                    -0.6014164579328429,
                    -0.35727822641565427,
                    0.7145981479522582,
                    0.9513587966808353
                ],
                [
                    0.7989356946134732,
                    -0.26894906170312877,
                    0.5379295103277879,
                    0.7161563084246139
                ],
                [
                    -0.0,
                    0.8944376284226258,
                    0.4471927200455178,
                    0.5953566060114628
                ],
                [
                    0.0,
                    0.0,
                    0.0,
                    1.0
                ]
            ]
        },
        {
            "file_path": "./train/32",
            "rotation": 0.17453292519943295,
            "transform_matrix": [
                [
                    -0.4375480383024795,
                    -0.3724226773484793,
                    0.8184455165582144,
                    1.0749773055347498
                ],
                [
                    0.8991950367843741,
                    -0.18122076438046475,
                    0.398255345701358,
                    0.5230836381598104
                ],
                [
                    -0.0,
                    0.9101979916226747,
                    0.41417341301204913,
                    0.5439910299907612
                ],
                [
                    0.0,
                    0.0,
                    0.0,
                    1.0
                ]
            ]
        },
        {
            "file_path": "./train/33",
            "rotation": 0.17453292519943295,
            "transform_matrix": [
                [
                    -0.38914232339473315,
                    -0.3218135711773668,
                    0.8631363029956617,
                    1.4443705164902962
                ],
                [
                    0.921177644183221,
                    -0.13594693876766348,
                    0.3646233367418386,
                    0.6101599427418263
                ],
                [
                    -0.0,
                    0.9369922386262177,
                    0.34935017497380616,
                    0.5846018652113488
                ],
                [
                    0.0,
                    0.0,
                    0.0,
                    1.0
                ]
            ]
        },
        {
            "file_path": "./train/34",
            "rotation": 0.17453292519943295,
            "transform_matrix": [
                [
                    -0.2156805440530269,
                    -0.33858425112963225,
                    0.9158835121367653,
                    1.200437697870156
                ],
                [
                    0.9764639793238613,
                    -0.07478620516241839,
                    0.2022995813154697,
                    0.2651516709891108
                ],
                [
                    -0.0,
                    0.9379593426180001,
                    0.346745254611522,
                    0.45447490830154846
                ],
                [
                    0.0,
                    0.0,
                    0.0,
                    1.0
                ]
            ]
        },
        {
            "file_path": "./train/35",
            "rotation": 0.17453292519943295,
            "transform_matrix": [
                [
                    0.05292102479553096,
                    -0.4344139825086899,
                    0.8991573037770034,
                    1.4470064215885003
                ],
                [
                    0.9985987007474979,
                    0.02302189370230395,
                    -0.047651099418261275,
                    -0.07668452067768167
                ],
                [
                    -0.0,
                    0.900419060333187,
                    0.43502358072718367,
                    0.7000798550047407
                ],
                [
                    0.0,
                    0.0,
                    0.0,
                    1.0
                ]
            ]
        }
    ]
}