{
    "camera_angle_x": 0.8575560548920328,
    "frames": [
        {
            "file_path": "./train/00",
            "rotation": 0.17453292519943295,
            "transform_matrix": [
                [
                    0.21411892862888757,
                    -0.40644004966417757,
                    0.8882339615392997,
                    1.172699804875127
                ],
                [
                    0.9768075984567367,
                    0.08909278359777215,
                    -0.19470334231333367,
                    -0.2570590423537629
                ],
                [
                    -0.0,
                    0.9093233538955113,
                    0.41609018020162236,
                    0.5493472376211431
                ],
                [
                    0.0,
                    0.0,
                    0.0,
                    1.0
                ]
            ]
        },
        {
            "file_path": "./train/01",
            "rotation": 0.17453292519943295,
            "transform_matrix": [
                [
                    0.29589243397036286,
                    -0.3392148959972169,
                    0.8929618815227734,
                    1.2065186343197143
                ],
                [
                    0.9552212662619559,
                    0.10507630510405182,
                    -0.2766067652581653,
                    -0.373735120802426
                ],
                [
                    -0.0,
                    0.9348220282167496,
                    0.35511656615922954,
                    0.47981303938315206
                ],
                [
                    0.0,
                    0.0,
                    0.0,
                    1.0
                ]
            ]
        },
        {
            "file_path": "./train/02",
            "rotation": 0.17453292519943295,
            "transform_matrix": [
                [
                    0.5595994248013674,
                    -0.332754489643754,
                    0.7590276235973916,
                    1.2630174271054861
                ],
                [
                    0.8287632253918961,
                    0.2246832572918095,
                    -0.5125123902217036,
                    -0.8528175527915312
                ],
                [
                    -0.0,
                    0.9158558202657596,
                    0.40150730564378606,
                    0.6681057558021836
                ],
                [
                    0.0,
                    0.0,
                    0.0,
                    1.0
                ]
            ]
        },
        {
            "file_path": "./train/03",
            "rotation": 0.17453292519943295,
            "transform_matrix": [
                [
                    0.7008220024180762,
                    -0.25983732054355774,
                    0.6643290508320875,
                    1.1483153239649075
                ],
                [
                    0.7133361906749985,
                    0.25527894654268246,
                    -0.6526746038611739,
                    -1.1281702166084342
                ],
                [
                    -0.0,
                    0.9312986772807115,
                    0.3642564669229598,
                    0.6296296726705601
                ],
                [
                    0.0,
                    0.0,
                    0.0,
                    1.0
                ]
            ]
        },
        {
            "file_path": "./train/04",
            "rotation": 0.17453292519943295,
            "transform_matrix": [
                [
                    0.7392126889596526,
                    -0.2983412175015811,
                    0.6037856560243163,
                    0.9863064778887428
                ],
                [
                    0.6734720487748841,
                    0.327463647553037,
                    -0.6627238935259695,
                    -1.0825842957918639
                ],
                [
                    -0.0,
                    0.8965266741547262,
                    0.44298975442899957,
                    0.7236403516251624
                ],
                [
                    0.0,
                    0.0,
                    0.0,
                    1.0
                ]
            ]
        },
        {
            "file_path": "./train/05",
            "rotation": 0.17453292519943295,
            "transform_matrix": [
                [
                    0.8404431385639318,
                    -0.20975141054978994,
                    0.4996595607142739,
                    0.7597319442788911
                ],
                [
                    0.5418997424254857,
                    0.32530765379523563,
                    -0.7749319967206357,
                    -1.1782834530592685
                ],
                [
                    -0.0,
                    0.922051666749002,
                    0.38706682090485023,
                    0.5885347775423654
                ],
                [
                    0.0,
                    0.0,
                    0.0,
                    1.0
                ]
            ]
        },
        {
            "file_path": "./train/06",
            "rotation": 0.17453292519943295,
            "transform_matrix": [
                [
                    0.9629139451308322,
                    -0.10935665617873769,
                    0.24665331139472277,
                    0.3084238707396034
                ],
                [
                    0.2698086994012178,
                    0.39028040778921236,
                    -0.8802752234519097,
                    -1.100726725289025
                ],
                [
                    -0.0,
                    0.9141784973654169,
                    0.4053118243460318,
                    0.5068159880541054
                ],
                [
                    0.0,
                    0.0,
                    0.0,
                    1.0
                ]
            ]
        },
        {
            "file_path": "./train/07",
            "rotation": 0.17453292519943295,
            "transform_matrix": [
                [
                    0.9719569040919167,
                    -0.11121964263240532,
                    0.2071954818058944,
                    0.24267818609308942
                ],
                [
                    0.2351590453035066,
                    0.4596918625336419,
                    -0.8563781962032281,
                    -1.0030349380830896
                ],
                [
                    -0.0,
                    0.8810865920061838,
                    0.47295498452487916,
                    0.5539496167957348
                ],
                [
                    0.0,
                    0.0,
                    0.0,
                    1.0
                ]
            ]
        },
        {
            "file_path": "./train/08",
            "rotation": 0.17453292519943295,
            "transform_matrix": [
                [
                    0.999078331993261,
                    0.02033033301755009,
                    -0.03780428680664162,
                    -0.053274375836168224
                ],
                [
                    -0.042924195293136305,
                    0.4731968779223531,
                    -0.8799103523558376,
                    -1.239983048835208
                ],
                [
                    0.0,
                    0.8807220857250788,
                    0.47363341068390313,
                    0.6674514046091597
                ],
                [
                    0.0,
                    0.0,
                    0.0,
                    1.0
                ]
            ]
        },
        {
            "file_path": "./train/09",
            "rotation": 0.17453292519943295,
            "transform_matrix": [
                [
                    0.9919649610793793,
                    0.06257175096425047,
                    -0.10995586374565673,
                    -0.1618463025708699
                ],
                [
                    -0.12651290839588508,
                    0.4906138456298437,
                    -0.8621441518014897,
                    -1.2690077500089807
                ],
                [
                    0.0,
                    0.8691276261042239,
                    0.49458787848312286,
                    0.7279940941942353
                ],
                [
                    0.0,
                    0.0,
                    0.0,
                    1.0
                ]
            ]
        },
        {
            "file_path": "./train/10",
            "rotation": 0.17453292519943295,
            "transform_matrix": [
                [
                    0.9269204037678762,
                    0.17810988299154545,
                    -0.33029598038658503,
                    -0.5081195477381665
                ],
                [
                    -0.37525799802109133,
                    0.43994714443979266,
                    -0.815860248461999,
                    -1.255100167979205
                ],
                [
                    0.0,
                    0.8801837192768395,
                    0.47463314287983494,
                    0.7301644349997104
                ],
                [
                    0.0,
                    0.0,
                    0.0,
                    1.0
                ]
            ]
        },
        {
            "file_path": "./train/11",
            "rotation": 0.17453292519943295,
            "transform_matrix": [
                [
                    0.821603468815186,
                    0.26025958785593845,
                    -0.5071811184970422,
                    -0.6315289969671288
                ],
                [
                    -0.5700594179827693,
                    0.3751015656078731,
                    -0.7309795314833848,
                    -0.9101970745464493
                ],
                [
                    0.0,
                    0.8896986919219223,
                    0.4565481766390273,
                    0.5684821487724566
                ],
                [
                    0.0,
                    0.0,
                    0.0,
                    1.0
                ]
            ]
        },
        {
            "file_path": "./train/12",
            "rotation": 0.17453292519943295,
            "transform_matrix": [
                [
                    0.7857187829933259,
                    0.2245858241106496,
                    -0.5763741854559652,
                    -0.6739152279796519
                ],
                [
                    -0.6185838617774367,
                    0.28526657629044744,
                    -0.7321044914491642,
                    -0.8560001084531299
                ],
                [
                    0.0,
                    0.9317640195135605,
                    0.36306447353043686,
                    0.42450665492073764
                ],
                [
                    0.0,
                    0.0,
                    0.0,
                    1.0
                ]
            ]
        },
        {
            "file_path": "./train/13",
            "rotation": 0.17453292519943295,
            "transform_matrix": [
                [
                    0.6094519653093078,
                    0.3828459654818704,
                    -0.6942602312496927,
                    -0.8505183402053583
                ],
                [
                    -0.7928229953656883,
                    0.2942980052767566,
                    -0.5336856585196007,
                    -0.6538030266524724
                ],
                [
                    0.0,
                    0.8756812495448196,
                    0.48288958281953376,
                    0.5915742080499724
                ],
                [
                    0.0,
                    0.0,
                    0.0,
                    1.0
                ]
            ]
        },
        {
            "file_path": "./train/14",
            "rotation": 0.17453292519943295,
            "transform_matrix": [
                [
                    0.4528311995410321,
                    0.4008130451576439,
                    -0.7964250169059774,
                    -1.3919733248974606
                ],
                [
                    -0.8915962677816849,
                    0.2035682052393604,
                    -0.40449484680697195,
                    -0.7069667889152464
                ],
                [
                    0.0,
                    0.8932574593291019,
                    0.4495454497077218,
                    0.7857051963952254
                ],
                [
                    0.0,
                    0.0,
                    0.0,
                    1.0
                ]
            ]
        },
        {
            "file_path": "./train/15",
            "rotation": 0.17453292519943295,
            "transform_matrix": [
                [
                    0.3769297841508817,
                    0.4003945606130025,
                    -0.8352293898393964,
                    -1.4466174163229384
                ],
                [
                    -0.9262418354943647,
                    0.16293869432759428,
                    -0.33989269493598867,
                    -0.5886941936632366
                ],
                [
                    0.0,
                    0.9017400832403645,
                    0.4322786396268737,
                    0.7487066623803403
                ],
                [
                    0.0,
                    0.0,
                    0.0,
                    1.0
                ]
            ]
        },
        {
            "file_path": "./train/16",
            "rotation": 0.17453292519943295,
            "transform_matrix": [
                [
                    0.19278644260325098,
                    0.4402479234154101,
                    -0.876935090800227,
                    -1.5132250916575982
                ],
                [
                    -0.9812407388344531,
                    0.08649644033281888,
                    -0.17229329139977473,
                    -0.2973065331808089
                ],
                [
                    0.0,
                    0.8937002471400409,
                    0.4486645386720792,
                    0.7742083134522859
                ],
                [
                    0.0,
                    0.0,
                    0.0,
                    1.0
                ]
            ]
        },
        {
            "file_path": "./train/17",
            "rotation": 0.17453292519943295,
            "transform_matrix": [
                [
                    0.046831821250747425,
                    0.45394156794711255,
                    -0.8897998839110145,
                    -1.3531645125832743
                ],
                [
                    -0.9989027883224363,
                    0.02128226151424158,
                    -0.04171672118589127,
                    -0.06344076652602061
                ],
                [
                    0.0,
                    0.8907772551174375,
                    0.45444018502487604,
                    0.6910905952971964
                ],
                [
                    0.0,
                    0.0,
                    0.0,
                    1.0
                ]
            ]
        },
        {
            "file_path": "./train/18",
            "rotation": 0.17453292519943295,
            "transform_matrix": [
                [
                    -0.11584798327113852,
                    0.3623040740740212,
                    -0.9248324187015592,
                    -1.2984115943887955
                ],
                [
                    -0.9932669554414916,
                    -0.04225671264150387,
                    0.10786623876229001,
                    0.15143800349116304
                ],
                [
                    0.0,
                    0.9311015670409429,
                    0.36476001953873793,
                    0.5121021159741731
                ],
                [
                    0.0,
                    0.0,
                    0.0,
                    1.0
                ]
            ]
        },
        {
            "file_path": "./train/19",
            "rotation": 0.17453292519943295,
            "transform_matrix": [
                [
                    -0.2971388612677626,
                    0.4757623478102431,
                    -0.8278639293571031,
                    -1.1474797366788192
                ],
                [
                    -0.9548342773091555,
                    -0.1480544693690767,
                    0.25762642910878497,
                    0.35708900527267146
                ],
                [
                    0.0,
                    0.8670236804758716,
                    0.4982669339762309,
                    0.6906342816974943
                ],
                [
                    0.0,
                    0.0,
                    0.0,
                    1.0
                ]
            ]
        },
        {
            "file_path": "./train/20",
            "rotation": 0.17453292519943295,
            "transform_matrix": [
                [
                    -0.4413560207761155,
                    0.3747362739964428,
                    -0.8153389404879029,
                    -1.162357051215656
                ],
                [
                    -0.8973320806282773,
                    -0.1843153881400707,
                    0.40102739902667744,
                    0.5717095085761443
                ],
                [
                    0.0,
                    0.9086256449418748,
                    0.41761158670942305,
                    0.5953521270437325
                ],
                [
                    0.0,
                    0.0,
                    0.0,
                    1.0
                ]
            ]
        },
        {
            "file_path": "./train/21",
            "rotation": 0.17453292519943295,
            "transform_matrix": [
                [
                    -0.6328629440866985,
                    0.3356971061040176,
                    -0.6977047706267345,
                    -0.8053462422411397
                ],
                [
                    -0.7742638400454436,
                    -0.2743900049341115,
                    0.570285569859822,
                    0.6582688839555946
                ],
                [
                    0.0,
                    0.9011201796351285,
                    0.43356939681480494,
                    0.5004602221107145
                ],
                [
                    0.0,
                    0.0,
                    0.0,
                    1.0
                ]
            ]
        },
        {
            "file_path": "./train/22",
            "rotation": 0.17453292519943295,
            "transform_matrix": [
                [
                    -0.780338123292683,
                    0.29845978830489,
                    -0.5495399604224006,
                    -0.7276393514683649
                ],
                [
                    -0.6253578282360055,
                    -0.37242605843941673,
                    0.6857305722069177,
                    0.9079677271497166
                ],
                [
                    0.0,
                    0.8787608239790167,
                    0.47726241653802953,
                    0.6319375118472288
                ],
                [
                    0.0,
                    0.0,
                    0.0,
                    1.0
                ]
            ]
        },
        {
            "file_path": "./train/23",
            "rotation": 0.17453292519943295,
            "transform_matrix": [
                [
                    -0.8976976378824523,
                    0.21403394772206236,
                    -0.38513428847971326,
                    -0.5120814974240938
                ],
                [
                    -0.44061201860623994,
                    -0.43607019596180985,
                    0.7846679764419873,
                    1.0433086961518665
                ],
                [
                    0.0,
                    0.8740893852555002,
                    0.4857651146219351,
                    0.6458820591485454
                ],
                [
                    0.0,
                    0.0,
                    0.0,
                    1.0
                ]
            ]
        },
        {
            "file_path": "./train/24",
            "rotation": 0.17453292519943295,
            "transform_matrix": [
                [
                    -0.9548380640871243,
                    0.12728469630960176,
                    -0.26848254590517634,
                    -0.3060804387064328
                ],
                [
                    -0.2971266924568587,
                    -0.40903855526148714,
                    0.8627880324501741,
                    0.9836115736785321
                ],
                [
                    0.0,
                    0.903596185469465,
                    0.4283852630577203,
                    0.48837569239375145
                ],
                [
                    0.0,
                    0.0,
                    0.0,
                    1.0
                ]
            ]
        },
        {
            "file_path": "./train/25",
            "rotation": 0.17453292519943295,
            "transform_matrix": [
                [
                    -0.9705861578976176,
                    0.0987139946289935,
                    -0.21958610466495368,
                    -0.37717249648004897
                ],
                [
                    -0.24075404482072768,
                    -0.3979598218132702,
                    0.8852488182001766,
                    1.5205493411162245
                ],
                [
                    0.0,
                    0.9120764921248312,
                    0.4100200879387042,
                    0.7042717953887563
                ],
                [
                    0.0,
                    0.0,
                    0.0,
                    1.0
                ]
            ]
        },
        {
            "file_path": "./train/26",
            "rotation": 0.17453292519943295,
            "transform_matrix": [
                [
                    -0.9999943099928547,
                    -0.0012788571316481162,
                    0.0031216191874148644,
                    0.004946401586968423
                ],
                [
                    0.0033734228780874604,
                    -0.3790956251731282,
                    0.9253513532667905,
                    1.4662773155532647
                ],
                [
                    -0.0,
                    0.9253566185525621,
                    0.37909778224221796,
                    0.6007042368457565
                ],
                [
                    0.0,
                    0.0,
                    0.0,
                    1.0
                ]
            ]
        },
        {
            "file_path": "./train/27",
            "rotation": 0.17453292519943295,
            "transform_matrix": [
                [
                    -0.9944246790410497,
                    -0.050275264056126576,
                    0.09269280197616285,
                    0.10879822574278801
                ],
                [
                    0.105449313483329,
                    -0.47411369188877306,
                    0.8741262205479781,
                    1.0260061174472432
                ],
                [
                    -0.0,
                    0.8790270786430213,
                    0.47677184796537186,
                    0.5596112107613518
                ],
                [
                    0.0,
                    0.0,
                    0.0,
                    1.0
                ]
            ]
        },
        {
            "file_path": "./train/28",
            "rotation": 0.17453292519943295,
            "transform_matrix": [
                [
                    -0.962009758344724,
                    -0.09572497062694417,
                    0.255683309678196,
                    0.3335200023970332
                ],
                [
                    0.2730150634113906,
                    -0.33730137344700195,
                    0.9009387096918637,
                    1.1752080376079184
                ],
                [
                    -0.0,
                    0.9365172253991043,
                    0.3506215716848625,
                    0.4573599566431112
                ],
                [
                    0.0,
                    0.0,
                    0.0,
                    1.0
                ]
            ]
        },
        {
            "file_path": "./train/29",
            "rotation": 0.17453292519943295,
            "transform_matrix": [
                [
                    -0.8919632653731546,
                    -0.18055409775850595,
                    0.4144897477712461,
                    0.49428349539097854
                ],
                [
                    0.4521078778619759,
                    -0.35621503295801227,
                    0.8177464870422023,
                    0.9751715069729242
                ],
                [
                    -0.0,
                    0.9167939070899926,
                    0.3993606539491164,
                    0.47624188780789445
                ],
                [
                    0.0,
                    0.0,
                    0.0,
                    1.0
                ]
            ]
        },
        {
            "file_path": "./train/30",
            "rotation": 0.17453292519943295,
            "transform_matrix": [
                [
                    -0.7642632279168906,
                    -0.29746607378226075,
                    0.5722024584031613,
                    0.7135545342661372
                ],
                [
                    0.6449044258291727,
                    -0.3525210444203321,
                    0.678105592652607,
                    0.84561908681555
                ],
                [
                    -0.0,
                    0.8872670670037094,
                    0.4612560588335238,
                    0.5752008706094904
                ],
                [
                    0.0,
                    0.0,
                    0.0,
                    1.0
                ]
            ]
        },
        {
            "file_path": "./train/31",
            "rotation": 0.17453292519943295,
            "transform_matrix": [
                [
                    -0.639419880691297,
                    -0.30467285820439366,
                    0.7059154805288612,
                    1.121429756735993
                ],
                [
                    0.7688577346796529,
                    -0.25338092322645317,
                    0.5870740085953241,
                    0.9326361027694754
                ],
                [
                    -0.0,
                    0.9181353697677025,
                    0.39626688327631454,
                    0.6295165452132607
                ],
                [
                    0.0,
                    0.0,
                    0.0,
                    1.0
                ]
            ]
        },
        {
            "file_path": "./train/32",
            "rotation": 0.17453292519943295,
            "transform_matrix": [
                [
                    -0.4883823290711441,
                    -0.31046196659300135,
                    0.815534222427392,
                    1.3917083754460116
                ],
                [
                    0.8726297614974203,
                    -0.17375540581209706,
                    0.45642782375752333,
                    0.7788936474293636
                ],
                [
                    -0.0,
                    0.9345707176293722,
                    0.3557774216412846,
                    0.607133831881403
                ],
                [
                    0.0,
                    0.0,
                    0.0,
                    1.0
                ]
            ]
        },
        {
            "file_path": "./train/33",
            "rotation": 0.17453292519943295,
            "transform_matrix": [
                [
                    -0.36705046373470923,
                    -0.42682902969224634,
                    0.8264931557394232,
                    1.2196906552012203
                ],
                [
                    0.9302010304617679,
                    -0.16842358603516316,
                    0.3261281015106197,
                    0.4812809338452992
                ],
                [
                    -0.0,
                    0.8885102560348032,
                    0.45885675860879344,
                    0.6771541865345078
                ],
                [
                    0.0,
                    0.0,
                    0.0,
                    1.0
                ]
            ]
        },
        {
            "file_path": "./train/34",
            "rotation": 0.17453292519943295,
            "transform_matrix": [
                [
                    -0.11123245506463239,
                    -0.412725759462522,
                    0.9040380458898724,
                    1.3143347177932498
                ],
                [
                    0.9937944158327187,
                    -0.046195167493433414,
                    0.1011862913637964,
                    0.1471095783068202
                ],
                [
                    -0.0,
                    0.9096831613129585,
                    0.4153029569165887,
                    0.60378774672074
                ],
                [
                    0.0,
                    0.0,
                    0.0,
                    1.0
                ]
            ]
        },
        {
            "file_path": "./train/35",
            "rotation": 0.17453292519943295,
            "transform_matrix": [
                [
                    -0.01605682811498349,
                    -0.4022430946550759,
                    0.9153920859791139,
                    1.117527357094429
                ],
                [
                    0.9998710808253661,
                    -0.006459580995165965,
                    0.014700188518553595,
                    0.017946258303465273
                ],
                [
                    -0.0,
                    0.9155101127872234,
                    0.402294958189045,
                    0.4911290235992658
                ],
                [
                    0.0,
                    0.0,
                    0.0,
                    1.0
                ]
            ]
        }
    ]
}