{
    "camera_angle_x": 0.8575560548920328,
    "frames": [
        {
            "file_path": "./train/00",
            "rotation": 0.17453292519943295,
            "transform_matrix": [
                [
                    0.20230551218361478,
                    -0.3919637387353437,
                    0.8974613681138239,
                    1.4647752810706056
                ],
                [
                    0.9793224595301209,
                    0.08097069984518145,
                    -0.18539489212612156,
                    -0.3025889078588756
                ],
                [
                    -0.0,
                    0.9164104829622983,
                    0.40023971156896365,
                    0.6532439800068275
                ],
                [
                    0.0,
                    0.0,
                    0.0,
                    1.0
                ]
            ]
        },
        {
            "file_path": "./train/01",
            "rotation": 0.17453292519943295,
            "transform_matrix": [
                [
                    0.36449914262115524,
                    -0.3411918024464072,
                    0.866445918088264,
                    1.4034980428423058
                ],
                [
                    0.9312037236976894,
                    0.13355199973561982,
                    -0.33915112905336803,
                    -0.5493683286135245
                ],
                [
                    -0.0,
                    0.930457961065404,
                    0.366398666332195,
                    0.5935047997362504
                ],
                [
                    0.0,
                    0.0,
                    0.0,
                    1.0
                ]
            ]
        },
        {
            "file_path": "./train/02",
            "rotation": 0.17453292519943295,
            "transform_matrix": [
                [
                    0.452591456472937,
                    -0.3784640296511935,
                    0.8074193159615927,
                    1.0776067799278592
                ],
                [
                    0.8917179899092008,
                    0.19208941430002108,
                    -0.40980566539052304,
                    -0.5469393099070741
                ],
                [
                    -0.0,
                    0.9054648724130911,
                    0.4244212115645784,
                    0.566445669661118
                ],
                [
                    0.0,
                    0.0,
                    0.0,
                    1.0
                ]
            ]
        },
        {
            "file_path": "./train/03",
            "rotation": 0.17453292519943295,
            "transform_matrix": [
                [
                    0.6296204290216181,
                    -0.2815371994722451,
                    0.7240959333347751,
                    0.9316856777246713
                ],
                [
                    0.7769028995689446,
                    0.22816438504169737,
                    -0.5868244184080196,
                    -0.7550600421851652
                ],
                [
                    -0.0,
                    0.9320288722522867,
                    0.36238402460391467,
                    0.4662752406366504
                ],
                [
                    0.0,
                    0.0,
                    0.0,
                    1.0
                ]
            ]
        },
        {
            "file_path": "./train/04",
            "rotation": 0.17453292519943295,
            "transform_matrix": [
                [
                    0.8046637195402205,
                    -0.24514468296117226,
                    0.5407590802488328,
                    0.7318716553686301
                ],
                [
                    0.5937308299690166,
                    0.33223646551643415,
                    -0.7328728624566815,
                    -0.99188140266476
                ],
                [
                    -0.0,
                    0.9107815409839033,
                    0.41288858618637836,
                    0.5588097622253292
                ],
                [
                    0.0,
                    0.0,
                    0.0,
                    1.0
                ]
            ]
        },
        {
            "file_path": "./train/05",
            "rotation": 0.17453292519943295,
            "transform_matrix": [
                [
                    0.9049569644344344,
                    -0.14571071845495817,
                    0.3997765363912117,
                    0.48631273454882795
                ],
                [
                    0.4255031051844556,
                    0.3098965150945193,
                    -0.8502418817081752,
                    -1.0342864497600701
                ],
                [
                    -0.0,
                    0.9395384699199987,
                    0.3424433727499887,
                    0.41656915269085193
                ],
                [
                    0.0,
                    0.0,
                    0.0,
                    1.0
                ]
            ]
        },
        {
            "file_path": "./train/06",
            "rotation": 0.17453292519943295,
            "transform_matrix": [
                [
                    0.9167105989353423,
                    -0.17905155525646427,
                    0.35718653160477254,
                    0.4592877820806357
                ],
                [
                    0.3995518461972186,
                    0.4108064072827215,
                    -0.8195098644530503,
                    -1.053765567102404
                ],
                [
                    -0.0,
                    0.893967916815645,
                    0.44813096713382344,
                    0.5762285522128403
                ],
                [
                    0.0,
                    0.0,
                    0.0,
                    1.0
                ]
            ]
        },
        {
            "file_path": "./train/07",
            "rotation": 0.17453292519943295,
            "transform_matrix": [
                [
                    0.9914754018298712,
                    -0.04972257586817013,
                    0.12043335507794202,
                    0.1617619965824676
                ],
                [
                    0.1302940043374813,
                    0.37836515302130913,
                    -0.9164405509430853,
                    -1.2309318558280533
                ],
                [
                    -0.0,
                    0.9243200075883867,
                    0.38161829564606126,
                    0.5125767474978506
                ],
                [
                    0.0,
                    0.0,
                    0.0,
                    1.0
                ]
            ]
        },
        {
            "file_path": "./train/08",
            "rotation": 0.17453292519943295,
            "transform_matrix": [
                [
                    0.9984558618030598,
                    -0.02525201341923095,
                    0.04947957002020378,
                    0.05910381541389721
                ],
                [
                    0.05555080585472427,
                    0.4538731784863288,
                    -0.8893330342563509,
                    -1.0623167395493873
                ],
                [
                    -0.0,
                    0.8907084111363225,
                    0.4545751052697539,
                    0.542994272234902
                ],
                [
                    0.0,
                    0.0,
                    0.0,
                    1.0
                ]
            ]
        },
        {
            "file_path": "./train/09",
            "rotation": 0.17453292519943295,
            "transform_matrix": [
                [
                    0.9842940405537131,
                    0.08677165460947554,
                    -0.15373978563397092,
                    -0.1978860751030502
                ],
                [
                    -0.1765367999326074,
                    0.48380180536690687,
                    -0.8571875940500283,
                    -1.1033285100152093
                ],
                [
                    0.0,
                    0.8708653702381646,
                    0.4915216240613881,
                    0.6326617707491647
                ],
                [
                    0.0,
                    0.0,
                    0.0,
                    1.0
                ]
            ]
        },
        {
            "file_path": "./train/10",
            "rotation": 0.17453292519943295,
            "transform_matrix": [
                [
                    0.9586166964007518,
                    0.10116179428875156,
                    -0.26612087621603314,
                    -0.40143921078639666
                ],
                [
                    -0.2846998935400379,
                    0.3406231868836917,
                    -0.8960590467014373,
                    -1.3516911624544101
                ],
                [
                    0.0,
                    0.9347417482564251,
                    0.3553278261922672,
                    0.5360065100690353
                ],
                [
                    0.0,
                    0.0,
                    0.0,
                    1.0
                ]
            ]
        },
        {
            "file_path": "./train/11",
            "rotation": 0.17453292519943295,
            "transform_matrix": [
                [
                    0.8805234448370473,
                    0.22954176809403348,
                    -0.41471561315263294,
                    -0.5002784914001446
                ],
                [
                    -0.47400259819150714,
                    0.42640464239498843,
                    -0.7703899128699069,
                    -0.9293344431153565
                ],
                [
                    0.0,
                    0.8749226580928551,
                    0.48426267908618875,
                    0.5841742988476939
                ],
                [
                    0.0,
                    0.0,
                    0.0,
                    1.0
                ]
            ]
        },
        {
            "file_path": "./train/12",
            "rotation": 0.17453292519943295,
            "transform_matrix": [
                [
                    0.742246467010677,
                    0.24742741427075163,
                    -0.6227759283060463,
                    -0.8702802597856306
                ],
                [
                    -0.6701269896147803,
                    0.2740557042622984,
                    -0.6897994554587062,
                    -0.9639403548070005
                ],
                [
                    0.0,
                    0.9293401668003948,
                    0.36922466652624186,
                    0.5159623615796084
                ],
                [
                    0.0,
                    0.0,
                    0.0,
                    1.0
                ]
            ]
        },
        {
            "file_path": "./train/13",
            "rotation": 0.17453292519943295,
            "transform_matrix": [
                [
                    0.5895424933961235,
                    0.29449540763814724,
                    -0.7521383538687035,
                    -0.9673535730867638
                ],
                [
                    -0.807737363553452,
                    0.21494308019739386,
                    -0.5489624976216272,
                    -0.7060414228757917
                ],
                [
                    0.0,
                    0.9311669706101576,
                    0.36459302358205076,
                    0.4689168718368147
                ],
                [
                    0.0,
                    0.0,
                    0.0,
                    1.0
                ]
            ]
        },
        {
            "file_path": "./train/14",
            "rotation": 0.17453292519943295,
            "transform_matrix": [
                [
                    0.5471390835980372,
                    0.3033190897247991,
                    -0.7801514936267311,
                    -1.1615565859525723
                ],
                [
                    -0.8370417093547371,
                    0.19826697634667662,
                    -0.5099523339399932,
                    -0.7592608574730141
                ],
                [
                    0.0,
                    0.9320341924515783,
                    0.36237034108924304,
                    0.5395281040729243
                ],
                [
                    0.0,
                    0.0,
                    0.0,
                    1.0
                ]
            ]
        },
        {
            "file_path": "./train/15",
            "rotation": 0.17453292519943295,
            "transform_matrix": [
                [
                    0.36203624457311867,
                    0.3343440226280865,
                    -0.8701401221345114,
                    -1.1173496032933343
                ],
                [
                    -0.9321640186230066,
                    0.12985338623834622,
                    -0.3379472450946181,
                    -0.43395909536300437
                ],
                [
                    0.0,
                    0.9334624644919068,
                    0.3586751000344121,
                    0.4605757975526322
                ],
                [
                    0.0,
                    0.0,
                    0.0,
                    1.0
                ]
            ]
        },
        {
            "file_path": "./train/16",
            "rotation": 0.17453292519943295,
            "transform_matrix": [
                [
                    0.24925163764853972,
                    0.3384700128069407,
                    -0.9073652360323213,
                    -1.1200518789324139
                ],
                [
                    -0.9684387544545711,
                    0.0871136193166562,
                    -0.23353285893002648,
                    -0.2882730206645443
                ],
                [
                    0.0,
                    0.9369361065515738,
                    0.34950068989914446,
                    0.4314237408096683
                ],
                [
                    0.0,
                    0.0,
                    0.0,
                    1.0
                ]
            ]
        },
        {
            "file_path": "./train/17",
            "rotation": 0.17453292519943295,
            "transform_matrix": [
                [
                    0.05602229301247302,
                    0.4450901778306248,
                    -0.8937316354948656,
                    -1.3156049522397146
                ],
                [
                    -0.99842951813617,
                    0.024974193877950083,
                    -0.050147651535460205,
                    -0.0738191377400582
                ],
                [
                    0.0,
                    0.8951374325983967,
                    0.44579028338575377,
                    0.6562192510483341
                ],
                [
                    0.0,
                    0.0,
                    0.0,
                    1.0
                ]
            ]
        },
        {
            "file_path": "./train/18",
            "rotation": 0.17453292519943295,
            "transform_matrix": [
                [
                    -0.12479271096280695,
                    0.4375718290589114,
                    -0.8904817087984412,
                    -1.3174367955806567
                ],
                [
                    -0.9921828356157716,
                    -0.05503600025022192,
                    0.11200115796680073,
                    0.1657018276683138
                ],
                [
                    0.0,
                    0.897497595033266,
                    0.4410193498130254,
                    0.6524728282074668
                ],
                [
                    0.0,
                    0.0,
                    0.0,
                    1.0
                ]
            ]
        },
        {
            "file_path": "./train/19",
            "rotation": 0.17453292519943295,
            "transform_matrix": [
                [
                    -0.268496062283441,
                    0.38677139378679687,
                    -0.882223188023589,
                    -1.2511224841019508
                ],
                [
                    -0.9632807817756391,
                    -0.10780511580871582,
                    0.24590281101927805,
                    0.34872642200588544
                ],
                [
                    0.0,
                    0.9158525787230649,
                    0.40151469966404985,
                    0.5694070109090161
                ],
                [
                    0.0,
                    0.0,
                    0.0,
                    1.0
                ]
            ]
        },
        {
            "file_path": "./train/20",
            "rotation": 0.17453292519943295,
            "transform_matrix": [
                [
                    -0.5063671171828912,
                    0.34651079050206646,
                    -0.789634481707531,
                    -0.9049016555196477
                ],
                [
                    -0.8623180055153018,
                    -0.20347675560183184,
                    0.46368617328303446,
                    0.5313729270510735
                ],
                [
                    0.0,
                    0.915711462195044,
                    0.40183643190309987,
                    0.46049464771461646
                ],
                [
                    0.0,
                    0.0,
                    0.0,
                    1.0
                ]
            ]
        },
        {
            "file_path": "./train/21",
            "rotation": 0.17453292519943295,
            "transform_matrix": [
                [
                    -0.6312111843493043,
                    0.3025237362128894,
                    -0.7141791300368155,
                    -1.2193631184788656
                ],
                [
                    -0.775611011237172,
                    -0.24620120532342782,
                    0.5812164190256008,
                    0.992347487356067
                ],
                [
                    0.0,
                    0.9207955014687492,
                    0.39004569536775374,
                    0.6659496412732818
                ],
                [
                    0.0,
                    0.0,
                    0.0,
                    1.0
                ]
            ]
        },
        {
            "file_path": "./train/22",
            "rotation": 0.17453292519943295,
            "transform_matrix": [
                [
                    -0.8075160359547876,
                    0.2290387667788661,
                    -0.5435614914508592,
                    -0.785332691450506
                ],
                [
                    -0.5898456168149987,
                    -0.31356082296234505,
                    0.7441517040411254,
                    1.0751436033892237
                ],
                [
                    0.0,
                    0.9215317973980025,
                    0.3883029054545007,
                    0.5610165006808677
                ],
                [
                    0.0,
                    0.0,
                    0.0,
                    1.0
                ]
            ]
        },
        {
            "file_path": "./train/23",
            "rotation": 0.17453292519943295,
            "transform_matrix": [
                [
                    -0.8560923563281079,
                    0.1927423383410754,
                    -0.47953755686849225,
                    -0.7716317433661588
                ],
                [
                    -0.5168228685309775,
                    -0.3192684624494524,
                    0.7943310213308898,
                    1.2781710671463955
                ],
                [
                    0.0,
                    0.9278566914647849,
                    0.3729369385084065,
                    0.600098940959065
                ],
                [
                    0.0,
                    0.0,
                    0.0,
                    1.0
                ]
            ]
        },
        {
            "file_path": "./train/24",
            "rotation": 0.17453292519943295,
            "transform_matrix": [
                [
                    -0.9650443377383048,
                    0.11598959384862136,
                    -0.23502306337478576,
                    -0.33459745173701877
                ],
                [
                    -0.26208667688235643,
                    -0.427091915207969,
                    0.8653918590816257,
                    1.2320404076297908
                ],
                [
                    0.0,
                    0.896737927202157,
                    0.4425619616699781,
                    0.6300662687489993
                ],
                [
                    0.0,
                    0.0,
                    0.0,
                    1.0
                ]
            ]
        },
        {
            "file_path": "./train/25",
            "rotation": 0.17453292519943295,
            "transform_matrix": [
                [
                    -0.970513995973265,
                    0.10071463865388161,
                    -0.21899576521207734,
                    -0.2511127755525423
                ],
                [
                    -0.24104477513525419,
                    -0.4055054350717031,
                    0.8817384864614357,
                    1.0110505946651889
                ],
                [
                    0.0,
                    0.9085273268802248,
                    0.41782543760746926,
                    0.47910198278245486
                ],
                [
                    0.0,
                    0.0,
                    0.0,
                    1.0
                ]
            ]
        },
        {
            "file_path": "./train/26",
            "rotation": 0.17453292519943295,
            "transform_matrix": [
                [
                    -0.998442912227372,
                    -0.024880386076894023,
                    0.04992712100240578,
                    0.07831385465105882
                ],
                [
                    0.055783071114130764,
                    -0.4453258781885645,
                    0.8936291799133798,
                    1.4017140244138873
                ],
                [
                    -0.0,
                    0.8950228089854741,
                    0.44602037105467673,
                    0.6996112295059868
                ],
                [
                    0.0,
                    0.0,
                    0.0,
                    1.0
                ]
            ]
        },
        {
            "file_path": "./train/27",
            "rotation": 0.17453292519943295,
            "transform_matrix": [
                [
                    -0.994603217054518,
                    -0.045035318470510226,
                    0.0934679662508121,
                    0.15453584994963435
                ],
                [
                    0.10375182227220509,
                    -0.43172516540795247,
                    0.8960183820261015,
                    1.4814376282173216
                ],
                [
                    -0.0,
                    0.9008802371257435,
                    0.434067734756068,
                    0.7176686197091463
                ],
                [
                    0.0,
                    0.0,
                    0.0,
                    1.0
                ]
            ]
        },
        {
            "file_path": "./train/28",
            "rotation": 0.17453292519943295,
            "transform_matrix": [
                [
                    -0.9585721201530158,
                    -0.10583837401968145,
                    0.2644574238894084,
                    0.40024053162407225
                ],
                [
                    0.28484994376926287,
                    -0.35616547166944335,
                    0.8899475638065036,
                    1.3468825371467614
                ],
                [
                    -0.0,
                    0.9284096053872736,
                    0.37155834619161365,
                    0.562331387116898
                ],
                [
                    0.0,
                    0.0,
                    0.0,
                    1.0
                ]
            ]
        },
        {
            "file_path": "./train/29",
            "rotation": 0.17453292519943295,
            "transform_matrix": [
                [
                    -0.889110724546989,
                    -0.18648002365982913,
                    0.41798004769529107,
                    0.6291112263210498
                ],
                [
                    0.45769216674040664,
                    -0.3622552470813192,
                    0.8119661424385405,
                    1.2221086112059345
                ],
                [
                    -0.0,
                    0.9132339988950707,
                    0.4074354712860897,
                    0.6132403458031724
                ],
                [
                    0.0,
                    0.0,
                    0.0,
                    1.0
                ]
            ]
        },
        {
            "file_path": "./train/30",
            "rotation": 0.17453292519943295,
            "transform_matrix": [
                [
                    -0.7628221069072669,
                    -0.2939935976508704,
                    0.5759081504492329,
                    0.7857858056024443
                ],
                [
                    0.6466084079360229,
                    -0.3468325076272031,
                    0.6794150266512126,
                    0.9270135934681323
                ],
                [
                    -0.0,
                    0.890659854373893,
                    0.4546702363325268,
                    0.6203652746732613
                ],
                [
                    0.0,
                    0.0,
                    0.0,
                    1.0
                ]
            ]
        },
        {
            "file_path": "./train/31",
            "rotation": 0.17453292519943295,
            "transform_matrix": [
                [
                    -0.7067045063017373,
                    -0.2989348253389258,
                    0.641254014390868,
                    0.9414212217156731
                ],
                [
                    0.707508827346216,
                    -0.2985949856625086,
                    0.6405250141597817,
                    0.9403509807927649
                ],
                [
                    -0.0,
                    0.9063547896584384,
                    0.42251744965528676,
                    0.6202953661483308
                ],
                [
                    0.0,
                    0.0,
                    0.0,
                    1.0
                ]
            ]
        },
        {
            "file_path": "./train/32",
            "rotation": 0.17453292519943295,
            "transform_matrix": [
                [
                    -0.5251969121570573,
                    -0.3905687857960953,
                    0.7560583489536082,
                    1.2816702126800266
                ],
                [
                    0.8509807303697847,
                    -0.2410460225061797,
                    0.46661398561686734,
                    0.7910040898466968
                ],
                [
                    -0.0,
                    0.8884553104099914,
                    0.45896313730438726,
                    0.7780343707801586
                ],
                [
                    0.0,
                    0.0,
                    0.0,
                    1.0
                ]
            ]
        },
        {
            "file_path": "./train/33",
            "rotation": 0.17453292519943295,
            "transform_matrix": [
                [
                    -0.41234305590220977,
                    -0.3588650439029129,
                    0.8373703389264439,
                    0.9769933342655427
                ],
                [
                    0.9110286517169628,
                    -0.16242684418379918,
                    0.37900437469673715,
                    0.44219950304296457
                ],
                [
                    -0.0,
                    0.9191481929226931,
                    0.39391191838651923,
                    0.4595927281646736
                ],
                [
                    0.0,
                    0.0,
                    0.0,
                    1.0
                ]
            ]
        },
        {
            "file_path": "./train/34",
            "rotation": 0.17453292519943295,
            "transform_matrix": [
                [
                    -0.2456603215829796,
                    -0.4598660477255189,
                    0.8533312513608405,
                    1.3701773073196293
                ],
                [
                    0.9693559750678525,
                    -0.11654216209007959,
                    0.21625660233995764,
                    0.34723899846831824
                ],
                [
                    -0.0,
                    0.8803074136940348,
                    0.47440368611059464,
                    0.7617407239930726
                ],
                [
                    0.0,
                    0.0,
                    0.0,
                    1.0
                ]
            ]
        },
        {
            "file_path": "./train/35",
            "rotation": 0.17453292519943295,
            "transform_matrix": [
                [
                    -0.011741082240389592,
                    -0.39797542862630153,
                    0.917320939037988,
                    1.2398839480759096
                ],
                [
                    0.9999310711183168,
                    -0.004672984340740435,
                    0.010771083024783839,
                    0.014558582909737054
                ],
                [
                    -0.0,
                    0.9173841733031276,
                    0.3980028625185216,
                    0.537954972490323
                ],
                [
                    0.0,
                    0.0,
                    0.0,
                    1.0
                ]
            ]
        }
    ]
}