{
    "camera_angle_x": 0.8575560548920328,
    "frames": [
        {
            "file_path": "./train/00",
            "rotation": 0.17453292519943295,
            "transform_matrix": [
                [
                    0.12049908379672117,
                    -0.3906735816622023,
                    0.9126084173375661,
                    1.3924181050680722
                ],
                [
                    0.992713438412189,
                    0.04742134722098156,
                    -0.11077565176335608,
                    -0.1690166561974177
                ],
                [
                    -0.0,
                    0.9193070044435502,
                    0.3935411434412244,
                    0.6004479060311594
                ],
                [
                    0.0,
                    0.0,
                    0.0,
                    1.0
                ]
            ]
        },
        {
            "file_path": "./train/01",
            "rotation": 0.17453292519943295,
            "transform_matrix": [
                [
                    0.409988035210869,
                    -0.3978728601245974,
                    0.8207356445044919,
                    1.2580791277840675
                ],
                [
                    0.9120909006145885,
                    0.17884523579425732,
                    -0.36892352954205193,
                    -0.5655109478588561
                ],
                [
                    -0.0,
                    0.8998397461826017,
                    0.4362206221512584,
                    0.6686684848064679
                ],
                [
                    0.0,
                    0.0,
                    0.0,
                    1.0
                ]
            ]
        },
        {
            "file_path": "./train/02",
            "rotation": 0.17453292519943295,
            "transform_matrix": [
                [
                    0.46339963193270284,
                    -0.42103510581234144,
                    0.7797372767786762,
                    1.054493746014411
                ],
                [
                    0.886149412415669,
                    0.22017451045001188,
                    -0.40775287101804947,
                    -0.551432982894313
                ],
                [
                    -0.0,
                    0.8799162600052849,
                    0.475128798725474,
                    0.6425502047012738
                ],
                [
                    0.0,
                    0.0,
                    0.0,
                    1.0
                ]
            ]
        },
        {
            "file_path": "./train/03",
            "rotation": 0.17453292519943295,
            "transform_matrix": [
                [
                    0.6338981842212346,
                    -0.27083433764003667,
                    0.724445894181273,
                    1.2369546481003795
                ],
                [
                    0.7734165061860405,
                    0.221977929720423,
                    -0.5937614897212627,
                    -1.0138176508043593
                ],
                [
                    -0.0,
                    0.936682742593306,
                    0.3501791537597326,
                    0.5979131573386669
                ],
                [
                    0.0,
                    0.0,
                    0.0,
                    1.0
                ]
            ]
        },
        {
            "file_path": "./train/04",
            "rotation": 0.17453292519943295,
            "transform_matrix": [
                [
                    0.7486130490645748,
                    -0.273301336178226,
                    0.6040570191740485,
                    0.7507579836148133
                ],
                [
                    0.6630071664546625,
                    0.30858934403960897,
                    -0.6820514012704346,
                    -0.8476940396116968
                ],
                [
                    -0.0,
                    0.9110867117834615,
                    0.4122147542381275,
                    0.5123250088729172
                ],
                [
                    0.0,
                    0.0,
                    0.0,
                    1.0
                ]
            ]
        },
        {
            "file_path": "./train/05",
            "rotation": 0.17453292519943295,
            "transform_matrix": [
                [
                    0.865336270512141,
                    -0.24598080237805817,
                    0.4366767497790389,
                    0.6528221054978351
                ],
                [
                    0.5011917187425773,
                    0.42469997445576363,
                    -0.7539474734761932,
                    -1.1271348367380551
                ],
                [
                    -0.0,
                    0.8712768656166192,
                    0.4907918331036893,
                    0.7337229610003664
                ],
                [
                    0.0,
                    0.0,
                    0.0,
                    1.0
                ]
            ]
        },
        {
            "file_path": "./train/06",
            "rotation": 0.17453292519943295,
            "transform_matrix": [
                [
                    0.9538350499368686,
                    -0.1113683406092697,
                    0.27891896712462744,
                    0.33287607606625874
                ],
                [
                    0.3003309799403507,
                    0.3536998638885902,
                    -0.8858316480987013,
                    -1.0571965259811353
                ],
                [
                    -0.0,
                    0.9287052810203732,
                    0.3708186902043498,
                    0.44255387792289946
                ],
                [
                    0.0,
                    0.0,
                    0.0,
                    1.0
                ]
            ]
        },
        {
            "file_path": "./train/07",
            "rotation": 0.17453292519943295,
            "transform_matrix": [
                [
                    0.9661970822844469,
                    -0.12076467476680285,
                    0.22776982134051496,
                    0.31185491837780027
                ],
                [
                    0.2578045736309226,
                    0.4526004902060415,
                    -0.8536331753629478,
                    -1.1687663565815953
                ],
                [
                    -0.0,
                    0.8834979850535706,
                    0.4684349585655203,
                    0.6413656774589289
                ],
                [
                    0.0,
                    0.0,
                    0.0,
                    1.0
                ]
            ]
        },
        {
            "file_path": "./train/08",
            "rotation": 0.17453292519943295,
            "transform_matrix": [
                [
                    0.9975874356738494,
                    0.03080439626788125,
                    -0.062212517681287986,
                    -0.0749558536659232
                ],
                [
                    -0.06942123728134804,
                    0.4426610628648829,
                    -0.8939976930829626,
                    -1.077120212425586
                ],
                [
                    0.0,
                    0.8961597360927925,
                    0.44373159387866046,
                    0.5346236040165855
                ],
                [
                    0.0,
                    0.0,
                    0.0,
                    1.0
                ]
            ]
        },
        {
            "file_path": "./train/09",
            "rotation": 0.17453292519943295,
            "transform_matrix": [
                [
                    0.9897350020673658,
                    0.0579040740887314,
                    -0.1306588836881678,
                    -0.2029861940453405
                ],
                [
                    -0.14291474970314105,
                    0.40100611733191793,
                    -0.9048588111852968,
                    -1.4057509221435962
                ],
                [
                    0.0,
                    0.9142435190179402,
                    0.4051651366217153,
                    0.6294476634209156
                ],
                [
                    0.0,
                    0.0,
                    0.0,
                    1.0
                ]
            ]
        },
        {
            "file_path": "./train/10",
            "rotation": 0.17453292519943295,
            "transform_matrix": [
                [
                    0.953368182412795,
                    0.10530875798071145,
                    -0.2828412527469845,
                    -0.4065439168584391
                ],
                [
                    -0.30180972277732143,
                    0.3326533627357478,
                    -0.893449848339388,
                    -1.2842065905619409
                ],
                [
                    0.0,
                    0.9371508980698674,
                    0.34892433885706664,
                    0.5015289178240478
                ],
                [
                    0.0,
                    0.0,
                    0.0,
                    1.0
                ]
            ]
        },
        {
            "file_path": "./train/11",
            "rotation": 0.17453292519943295,
            "transform_matrix": [
                [
                    0.873172294639965,
                    0.21297496352504255,
                    -0.4384196719864254,
                    -0.6739709612729974
                ],
                [
                    -0.4874116780229809,
                    0.3815334059215058,
                    -0.7854057017190271,
                    -1.2073834036198439
                ],
                [
                    0.0,
                    0.8994853667945034,
                    0.4369508838789066,
                    0.6717130321790643
                ],
                [
                    0.0,
                    0.0,
                    0.0,
                    1.0
                ]
            ]
        },
        {
            "file_path": "./train/12",
            "rotation": 0.17453292519943295,
            "transform_matrix": [
                [
                    0.7112527837819922,
                    0.2716227715683923,
                    -0.6483367547254063,
                    -0.9731822767960812
                ],
                [
                    -0.7029363253968076,
                    0.2748363478122176,
                    -0.6560072441359738,
                    -0.984696022229005
                ],
                [
                    0.0,
                    0.9223264345592328,
                    0.38641163040629783,
                    0.580021026909938
                ],
                [
                    0.0,
                    0.0,
                    0.0,
                    1.0
                ]
            ]
        },
        {
            "file_path": "./train/13",
            "rotation": 0.17453292519943295,
            "transform_matrix": [
                [
                    0.6137015004846048,
                    0.2884394744699568,
                    -0.734964718792977,
                    -1.1008802417839845
                ],
                [
                    -0.789538136066235,
                    0.22420163155532918,
                    -0.5712820320165721,
                    -0.855705158971584
                ],
                [
                    0.0,
                    0.930879314398716,
                    0.36532684273753613,
                    0.5472114411472366
                ],
                [
                    0.0,
                    0.0,
                    0.0,
                    1.0
                ]
            ]
        },
        {
            "file_path": "./train/14",
            "rotation": 0.17453292519943295,
            "transform_matrix": [
                [
                    0.4435020315410925,
                    0.44082492932141076,
                    -0.7803712768341086,
                    -1.153331164874383
                ],
                [
                    -0.8962733667910275,
                    0.2181329479955282,
                    -0.3861503191502713,
                    -0.5707016783203204
                ],
                [
                    0.0,
                    0.8706844426585061,
                    0.4918420491503818,
                    0.7269062564451624
                ],
                [
                    0.0,
                    0.0,
                    0.0,
                    1.0
                ]
            ]
        },
        {
            "file_path": "./train/15",
            "rotation": 0.17453292519943295,
            "transform_matrix": [
                [
                    0.37193241198001054,
                    0.34216975535424377,
                    -0.8628940487913617,
                    -1.1036219328899903
                ],
                [
                    -0.9282598132628234,
                    0.13709957125923863,
                    -0.3457418497113146,
                    -0.44219599033486967
                ],
                [
                    0.0,
                    0.9295824686822305,
                    0.3686142074291902,
                    0.4714492175065134
                ],
                [
                    0.0,
                    0.0,
                    0.0,
                    1.0
                ]
            ]
        },
        {
            "file_path": "./train/16",
            "rotation": 0.17453292519943295,
            "transform_matrix": [
                [
                    0.21195936369274865,
                    0.4104543092145697,
                    -0.8869050051669318,
                    -1.5434025056984741
                ],
                [
                    -0.9772784803437375,
                    0.08902235745073049,
                    -0.19235849794316148,
                    -0.33474451715602926
                ],
                [
                    0.0,
                    0.9075253604837193,
                    0.4199972857994385,
                    0.7308842091463942
                ],
                [
                    0.0,
                    0.0,
                    0.0,
                    1.0
                ]
            ]
        },
        {
            "file_path": "./train/17",
            "rotation": 0.17453292519943295,
            "transform_matrix": [
                [
                    -0.04747306525124521,
                    0.48136723542976395,
                    -0.875232479247861,
                    -1.4951157996667368
                ],
                [
                    -0.9988725184304807,
                    -0.022877772444151134,
                    0.04159686829970045,
                    0.07105784632785103
                ],
                [
                    0.0,
                    0.8762204016015034,
                    0.4819105807276907,
                    0.823223703822922
                ],
                [
                    0.0,
                    0.0,
                    0.0,
                    1.0
                ]
            ]
        },
        {
            "file_path": "./train/18",
            "rotation": 0.17453292519943295,
            "transform_matrix": [
                [
                    -0.12427392330656964,
                    0.3816250945982121,
                    -0.9159248217833702,
                    -1.2679040357188605
                ],
                [
                    -0.9922479488444372,
                    -0.047796569187361415,
                    0.11471484641459852,
                    0.1587984223887964
                ],
                [
                    0.0,
                    0.9230805897357085,
                    0.38460658451614754,
                    0.5324064039694794
                ],
                [
                    0.0,
                    0.0,
                    0.0,
                    1.0
                ]
            ]
        },
        {
            "file_path": "./train/19",
            "rotation": 0.17453292519943295,
            "transform_matrix": [
                [
                    -0.383623135383576,
                    0.3303548818188432,
                    -0.862379813108431,
                    -1.4996303267505995
                ],
                [
                    -0.9234897346470476,
                    -0.13723138525308187,
                    0.3582377100516439,
                    0.6229553684039976
                ],
                [
                    0.0,
                    0.9338271783151196,
                    0.357724476434059,
                    0.6220628838096934
                ],
                [
                    0.0,
                    0.0,
                    0.0,
                    1.0
                ]
            ]
        },
        {
            "file_path": "./train/20",
            "rotation": 0.17453292519943295,
            "transform_matrix": [
                [
                    -0.5643490513062368,
                    0.2966202513028008,
                    -0.7704067593205642,
                    -1.1884840347088352
                ],
                [
                    -0.8255362792087035,
                    -0.20277407745351614,
                    0.5266616800405408,
                    0.8124656109885818
                ],
                [
                    0.0,
                    0.9332197490569618,
                    0.359306136838854,
                    0.5542910962807378
                ],
                [
                    0.0,
                    0.0,
                    0.0,
                    1.0
                ]
            ]
        },
        {
            "file_path": "./train/21",
            "rotation": 0.17453292519943295,
            "transform_matrix": [
                [
                    -0.6571348039862027,
                    0.3550238605160495,
                    -0.6649300022215087,
                    -0.8144301425941539
                ],
                [
                    -0.7537730755273864,
                    -0.3095076523228281,
                    0.5796819505242478,
                    0.7100152678438562
                ],
                [
                    0.0,
                    0.8821355177170297,
                    0.4709956776681799,
                    0.5768924182138788
                ],
                [
                    0.0,
                    0.0,
                    0.0,
                    1.0
                ]
            ]
        },
        {
            "file_path": "./train/22",
            "rotation": 0.17453292519943295,
            "transform_matrix": [
                [
                    -0.7899169261941767,
                    0.21677664561420057,
                    -0.5736193298941371,
                    -0.6764643543019441
                ],
                [
                    -0.6132138694712829,
                    -0.27924277336044945,
                    0.7389128661851958,
                    0.8713936034924339
                ],
                [
                    0.0,
                    0.935431108870247,
                    0.3535090388629123,
                    0.4168901765539074
                ],
                [
                    0.0,
                    0.0,
                    0.0,
                    1.0
                ]
            ]
        },
        {
            "file_path": "./train/23",
            "rotation": 0.17453292519943295,
            "transform_matrix": [
                [
                    -0.9011725106183944,
                    0.17196788801941038,
                    -0.39788836574582487,
                    -0.6376670047958418
                ],
                [
                    -0.4334606165567292,
                    -0.357524368934018,
                    0.8272171537828458,
                    1.325721308236024
                ],
                [
                    0.0,
                    0.9179342956380242,
                    0.3967324399283783,
                    0.6358144858050045
                ],
                [
                    0.0,
                    0.0,
                    0.0,
                    1.0
                ]
            ]
        },
        {
            "file_path": "./train/24",
            "rotation": 0.17453292519943295,
            "transform_matrix": [
                [
                    -0.9098549790163816,
                    0.1833992728816161,
                    -0.3721943361546417,
                    -0.6140504430074533
                ],
                [
                    -0.4149263996892701,
                    -0.4021598570355744,
                    0.8161516600669428,
                    1.3464962782699363
                ],
                [
                    0.0,
                    0.8970129074297766,
                    0.44200434828673246,
                    0.7292237938943819
                ],
                [
                    0.0,
                    0.0,
                    0.0,
                    1.0
                ]
            ]
        },
        {
            "file_path": "./train/25",
            "rotation": 0.17453292519943295,
            "transform_matrix": [
                [
                    -0.9747944393998298,
                    0.08083917130320034,
                    -0.20794429373797044,
                    -0.2820045887075522
                ],
                [
                    -0.2231049101099559,
                    -0.35320412550854713,
                    0.9085543708598681,
                    1.2321400941910101
                ],
                [
                    0.0,
                    0.9320471415688985,
                    0.3623370335657752,
                    0.49138499685395715
                ],
                [
                    0.0,
                    0.0,
                    0.0,
                    1.0
                ]
            ]
        },
        {
            "file_path": "./train/26",
            "rotation": 0.17453292519943295,
            "transform_matrix": [
                [
                    -0.9999406457689844,
                    0.0054110549639944956,
                    -0.009456501640829734,
                    -0.015540447470526731
                ],
                [
                    -0.010895179627082103,
                    -0.4966172179060441,
                    0.8679012812181777,
                    1.4262752530110607
                ],
                [
                    0.0,
                    0.8679527978890542,
                    0.4966466959887709,
                    0.816169888566418
                ],
                [
                    0.0,
                    0.0,
                    0.0,
                    1.0
                ]
            ]
        },
        {
            "file_path": "./train/27",
            "rotation": 0.17453292519943295,
            "transform_matrix": [
                [
                    -0.9760547837777079,
                    -0.09221169349290438,
                    0.19701284894093193,
                    0.3298212247618205
                ],
                [
                    0.2175248470052371,
                    -0.4137626840938596,
                    0.8840154875265439,
                    1.479939366248339
                ],
                [
                    -0.0,
                    0.905702735357808,
                    0.423913381677654,
                    0.7096777265515724
                ],
                [
                    0.0,
                    0.0,
                    0.0,
                    1.0
                ]
            ]
        },
        {
            "file_path": "./train/28",
            "rotation": 0.17453292519943295,
            "transform_matrix": [
                [
                    -0.946197655556088,
                    -0.13089168509115612,
                    0.29593472826648803,
                    0.4472390563881716
                ],
                [
                    0.32358924058157823,
                    -0.38273647585576853,
                    0.8653339201888159,
                    1.3077583972416424
                ],
                [
                    -0.0,
                    0.9145382205372853,
                    0.4044994971276178,
                    0.6113103874782103
                ],
                [
                    0.0,
                    0.0,
                    0.0,
                    1.0
                ]
            ]
        },
        {
            "file_path": "./train/29",
            "rotation": 0.17453292519943295,
            "transform_matrix": [
                [
                    -0.8588248776457902,
                    -0.1791150546472568,
                    0.47993502345151223,
                    0.7862468331906647
                ],
                [
                    0.5122692939623587,
                    -0.30028827943619163,
                    0.8046161318893365,
                    1.318151113628879
                ],
                [
                    -0.0,
                    0.9368803266330027,
                    0.3496501874274317,
                    0.5728095245316365
                ],
                [
                    0.0,
                    0.0,
                    0.0,
                    1.0
                ]
            ]
        },
        {
            "file_path": "./train/30",
            "rotation": 0.17453292519943295,
            "transform_matrix": [
                [
                    -0.7403694366048857,
                    -0.25326370741018134,
                    0.6226641083683996,
                    0.9433923960088252
                ],
                [
                    0.6722001914172325,
                    -0.27894771641228905,
                    0.6858097944525181,
                    1.0390638170718043
                ],
                [
                    -0.0,
                    0.926307543970802,
                    0.3767682762425478,
                    0.570837988070248
                ],
                [
                    0.0,
                    0.0,
                    0.0,
                    1.0
                ]
            ]
        },
        {
            "file_path": "./train/31",
            "rotation": 0.17453292519943295,
            "transform_matrix": [
                [
                    -0.5798380150426777,
                    -0.32142603146105453,
                    0.7486475690273526,
                    0.8791983631806383
                ],
                [
                    0.814731781822317,
                    -0.22875630511007763,
                    0.532806415653019,
                    0.6257183592312742
                ],
                [
                    -0.0,
                    0.9188883823248514,
                    0.3945176052198656,
                    0.4633144447472028
                ],
                [
                    0.0,
                    0.0,
                    0.0,
                    1.0
                ]
            ]
        },
        {
            "file_path": "./train/32",
            "rotation": 0.17453292519943295,
            "transform_matrix": [
                [
                    -0.5395880550029613,
                    -0.3464305339695305,
                    0.7673529931079355,
                    1.072570270878344
                ],
                [
                    0.8419291721386789,
                    -0.22202553873197542,
                    0.4917925673011487,
                    0.6874047431414056
                ],
                [
                    -0.0,
                    0.9114222650804412,
                    0.41147230127389856,
                    0.5751368165631214
                ],
                [
                    0.0,
                    0.0,
                    0.0,
                    1.0
                ]
            ]
        },
        {
            "file_path": "./train/33",
            "rotation": 0.17453292519943295,
            "transform_matrix": [
                [
                    -0.3815639289651094,
                    -0.40019739491812717,
                    0.8332172665118345,
                    1.304315371976698
                ],
                [
                    0.9243424517529794,
                    -0.165199477830939,
                    0.34394790944513115,
                    0.538414845057897
                ],
                [
                    -0.0,
                    0.9014162066576846,
                    0.43295360302793456,
                    0.6777440440548184
                ],
                [
                    0.0,
                    0.0,
                    0.0,
                    1.0
                ]
            ]
        },
        {
            "file_path": "./train/34",
            "rotation": 0.17453292519943295,
            "transform_matrix": [
                [
                    -0.09507901295158688,
                    -0.37998600906835106,
                    0.9200927204409667,
                    1.357444924008604
                ],
                [
                    0.9954697289702746,
                    -0.03629311231292136,
                    0.0878796262081815,
                    0.12965188167437874
                ],
                [
                    -0.0,
                    0.9242799591633201,
                    0.3817152827554214,
                    0.5631578877664871
                ],
                [
                    0.0,
                    0.0,
                    0.0,
                    1.0
                ]
            ]
        },
        {
            "file_path": "./train/35",
            "rotation": 0.17453292519943295,
            "transform_matrix": [
                [
                    0.08371069043809148,
                    -0.4036776612752904,
                    0.9110635905872267,
                    1.3453942246178916
                ],
                [
                    0.9964901004557838,
                    0.033911160506594526,
                    -0.076534390222422,
                    -0.11302057030237582
                ],
                [
                    -0.0,
                    0.9142725955536499,
                    0.40509951989553394,
                    0.5982222976462487
                ],
                [
                    0.0,
                    0.0,
                    0.0,
                    1.0
                ]
            ]
        }
    ]
}