{"camera_angle_x":0.8575560548920328,"frames":[{"file_path":"./train/00","rotation":0.17453292519943295,"transform_matrix":[[0.2140754102883119,-0.41517038724045363,0.8841975278570409,1.2378751754686979],[0.9768171367814402,0.09098711277824721,-0.1937772602716521,-0.27128786555417506],[-0.0,0.9051822440077414,0.4250236524396139,0.5950324579816052],[0.0,0.0,0.0,1.0]]},{"file_path":"./train/01","rotation":0.17453292519943295,"transform_matrix":[[0.3752670929836638,-0.3336372891267397,0.8647894357748309,1.28871602123383],[0.9269167216765432,0.13507480518323478,-0.3501145356610047,-0.5217434356941663],[-0.0,0.9329742527577444,0.35994311174285376,0.536390057101198],[0.0,0.0,0.0,1.0]]},{"file_path":"./train/02","rotation":0.17453292519943295,"transform_matrix":[[0.46379582908004896,-0.3758940436242434,0.8022450354447608,0.956838170953123],[0.885942113756847,0.1967827095042085,-0.41997992370139825,-0.500910325744419],[-0.0,0.9055275993629337,0.42428736346019347,0.5060478119215835],[0.0,0.0,0.0,1.0]]},{"file_path":"./train/03","rotation":0.17453292519943295,"transform_matrix":[[0.6271432213525432,-0.29988621373928775,0.7188599576556404,1.0731341252996247],[0.7789039606469818,0.24145673359711267,-0.578798121877618,-0.8640459238706765],[-0.0,0.9229121868356313,0.38501051335031466,0.5747543955887882],[0.0,0.0,0.0,1.0]]},{"file_path":"./train/04","rotation":0.17453292519943295,"transform_matrix":[[0.7849339774036216,-0.23731564380690248,0.5723285213248124,0.9474580451025567],[0.6195794146978504,0.3006509057185101,-0.7250726734426755,-1.2003174962294143],[-0.0,0.92373714772935,0.3830269989241556,0.6340799000932937],[0.0,0.0,0.0,1.0]]},{"file_path":"./train/05","rotation":0.17453292519943295,"transform_matrix":[[0.898851652161957,-0.18442432233190736,0.3975592744964418,0.5624109046705719],[0.4382530175660179,0.37825206029964825,-0.815389276035288,-1.1534979808345365],[-0.0,0.9071455496288829,0.4208170051085293,0.5953126683904512],[0.0,0.0,0.0,1.0]]},{"file_path":"./train/06","rotation":0.17453292519943295,"transform_matrix":[[0.9353208094848168,-0.14087905500079279,0.32454287113839175,0.4361287072112532],[0.35380076786896203,0.3724330858761743,-0.8579735504082181,-1.1529659981390383],[-0.0,0.9173040326995373,0.3981875331965658,0.5350942187437653],[0.0,0.0,0.0,1.0]]},{"file_path":"./train/07","rotation":0.17453292519943295,"transform_matrix":[[0.9890768755477995,-0.06675624684095248,0.1314174180400474,0.1708449784534814],[0.1474005910999096,0.44794298012002637,-0.8818277339166574,-1.1463917222507267],[-0.0,0.8915664249336106,0.4528899534446536,0.5887649863465704],[0.0,0.0,0.0,1.0]]},{"file_path":"./train/08","rotation":0.17453292519943295,"transform_matrix":[[0.9989607452752634,0.017212410664897898,-0.0422038187631549,-0.06736245918654385],[-0.045578826214486,0.3772480340953906,-0.9249899952821504,-1.4763972226028337],[0.0,0.9259522955802129,0.3776404987679871,0.6027604475368795],[0.0,0.0,0.0,1.0]]},{"file_path":"./train/09","rotation":0.17453292519943295,"transform_matrix":[[0.9880611206485281,0.07382716618655742,-0.1352211943285412,-0.21655259155473158],[-0.15406239600491314,0.47348187778586,-0.8672252818879309,-1.3888346659498112],[0.0,0.8777040850658258,0.47920302488482025,0.7674289332746338],[0.0,0.0,0.0,1.0]]},{"file_path":"./train/10","rotation":0.17453292519943295,"transform_matrix":[[0.9585250843719538,0.10259353446889984,-0.26590266887513064,-0.31727195065699937],[-0.2850081799347849,0.34503738210363233,-0.8942703966482023,-1.0670329649553967],[0.0,0.9329650430944616,0.35996698232442004,0.4295083879275194],[0.0,0.0,0.0,1.0]]},{"file_path":"./train/11","rotation":0.17453292519943295,"transform_matrix":[[0.9014351516112347,0.17868779134549864,-0.39431629520436756,-0.5926778711951922],[-0.4329141571254403,0.37207250821306204,-0.8210647850154156,-1.2341030153066943],[0.0,0.9108417655422419,0.412755712430357,0.6203932729690784],[0.0,0.0,0.0,1.0]]},{"file_path":"./train/12","rotation":0.17453292519943295,"transform_matrix":[[0.7758281949233744,0.29664993517077126,-0.5568567391395347,-0.7831493345018637],[-0.6309442225442267,0.3647697775876582,-0.684727973283341,-0.9629842271825119],[0.0,0.882576809870862,0.4701682408225511,0.6612328073340026],[0.0,0.0,0.0,1.0]]},{"file_path":"./train/13","rotation":0.17453292519943295,"transform_matrix":[[0.5781694728087018,0.37994327993478694,-0.7220548211489928,-1.1473572459172945],[-0.8159166996159031,0.2692328836516231,-0.5116576918688155,-0.813032671481696],[0.0,0.8849614445799476,0.465664301409258,0.739948401060091],[0.0,0.0,0.0,1.0]]},{"file_path":"./train/14","rotation":0.17453292519943295,"transform_matrix":[[0.500864750592087,0.37373738276023566,-0.7806759060851408,-0.938809487114725],[-0.8655255638132975,0.21627539246607852,-0.45176371368151874,-0.5432728960026793],[0.0,0.9019674735494473,0.4318039794383873,0.5192701213279645],[0.0,0.0,0.0,1.0]]},{"file_path":"./train/15","rotation":0.17453292519943295,"transform_matrix":[[0.3203101575338414,0.3241780060850143,-0.8901179828266532,-1.1315397041569248],[-0.947312727129033,0.10961270256844534,-0.300971182100539,-0.38260191224574625],[0.0,0.9396242205298807,0.34220801304705595,0.4350231781788466],[0.0,0.0,0.0,1.0]]},{"file_path":"./train/16","rotation":0.17453292519943295,"transform_matrix":[[0.14791011584977332,0.3478683462491762,-0.9258024688383424,-1.3947931501047082],[-0.9890008076990163,0.05202548571612848,-0.13845848188787235,-0.20859843067109238],[0.0,0.9360987995472829,0.3517371710327696,0.5299193006142011],[0.0,0.0,0.0,1.0]]},{"file_path":"./train/17","rotation":0.17453292519943295,"transform_matrix":[[-0.03566656921766437,0.42468152698369493,-0.9046399816938442,-1.1210528634936303],[-0.9993637455102329,-0.015156576517486102,0.032285946602632426,0.04000956581834196],[0.0,0.9052159293931292,0.42495190454089415,0.5266112034321586],[0.0,0.0,0.0,1.0]]},{"file_path":"./train/18","rotation":0.17453292519943295,"transform_matrix":[[-0.1205178211636843,0.46328427590544885,-0.8779767277557657,-1.4015365417466363],[-0.992711163824583,-0.05624396455501734,0.1065887501998956,0.17015032815973946],[0.0,0.884423143155977,0.46668587277750556,0.74498250755064],[0.0,0.0,0.0,1.0]]},{"file_path":"./train/19","rotation":0.17453292519943295,"transform_matrix":[[-0.3449725453861452,0.4417670739382828,-0.8281520363519079,-1.0838793944603258],[-0.9386127758185502,-0.16236462563742032,0.304374416487024,0.39836303450322436],[0.0,0.8823148988460006,0.4706595577212598,0.6159958244709429],[0.0,0.0,0.0,1.0]]},{"file_path":"./train/20","rotation":0.17453292519943295,"transform_matrix":[[-0.5222394870343618,0.4163655827265799,-0.7442483588848834,-1.177396125518596],[-0.8527988732298412,-0.2549751825050647,0.4557650031808304,0.7210173089210419],[0.0,0.8727126433295581,0.4882342083188513,0.7723833829899902],[0.0,0.0,0.0,1.0]]},{"file_path":"./train/21","rotation":0.17453292519943295,"transform_matrix":[[-0.6727221829974925,0.31674799761908784,-0.6686670101832349,-1.0013866706126058],[-0.7398951712932638,-0.2879913434844406,0.607960625020189,0.9104736092568635],[0.0,0.9037320908777807,0.4280984792284069,0.6411144923859479],[0.0,0.0,0.0,1.0]]},{"file_path":"./train/22","rotation":0.17453292519943295,"transform_matrix":[[-0.7688366801715857,0.2472660826924879,-0.5897030130265968,-0.7182956260121124],[-0.6394451964185319,-0.2973002771794934,0.7090291855532194,0.8636424631509179],[0.0,0.9222104041588927,0.38668846693571285,0.4710110484321445],[0.0,0.0,0.0,1.0]]},{"file_path":"./train/23","rotation":0.17453292519943295,"transform_matrix":[[-0.8456789991232905,0.2196592852027404,-0.4863916414434471,-0.5694545885047453],[-0.5336918871800748,-0.3480683310363168,0.7707278420348932,0.9023479614753225],[0.0,0.9113716230790896,0.4115844562737833,0.48187229633876827],[0.0,0.0,0.0,1.0]]},{"file_path":"./train/24","rotation":0.17453292519943295,"transform_matrix":[[-0.9531348592311231,0.1312141264364892,-0.27261106569979204,-0.3395017544162649],[-0.3025457653289289,-0.4133746767012489,0.8588291078809979,1.0695603574304093],[0.0,0.9010572843530243,0.4337000925920503,0.5401172617389093],[0.0,0.0,0.0,1.0]]},{"file_path":"./train/25","rotation":0.17453292519943295,"transform_matrix":[[-0.9758806219050015,0.0913615028926227,-0.19826771693724868,-0.2915441001456724],[-0.21830485974963468,-0.40841014883168414,0.886309279281772,1.3032794509897252],[0.0,0.9082148568045355,0.41850421010966793,0.6153923353150591],[0.0,0.0,0.0,1.0]]},{"file_path":"./train/26","rotation":0.17453292519943295,"transform_matrix":[[-0.9988733086678948,0.016643872416304547,-0.04444203800280025,-0.05640767826270598],[-0.047456435083690865,-0.35032382605649853,0.9354256270095894,1.1872810109140866],[0.0,0.9364807517552755,0.35071897808911634,0.4451470761856011],[0.0,0.0,0.0,1.0]]},{"file_path":"./train/27","rotation":0.17453292519943295,"transform_matrix":[[-0.9821585470516263,-0.06560551210239153,0.1762399081797914,0.25826957129274325],[0.1880547485532826,-0.34263965648708955,0.9204528653597482,1.3488713730440887],[-0.0,0.9371734004890409,0.3488638952597528,0.5112402156742857],[0.0,0.0,0.0,1.0]]},{"file_path":"./train/28","rotation":0.17453292519943295,"transform_matrix":[[-0.9636102188183692,-0.1032528291471883,0.2465647976940669,0.3094695448120354],[0.26731132820891557,-0.3722082485422305,0.8888226333348574,1.115583158379595],[-0.0,0.9223881357596848,0.38626432272444383,0.4848098562674067],[0.0,0.0,0.0,1.0]]},{"file_path":"./train/29","rotation":0.17453292519943295,"transform_matrix":[[-0.8711753929087158,-0.17118166671121843,0.4601633098936876,0.6639544523392346],[0.4909719287192951,-0.30374293728955054,0.8165089058034649,1.178113751633296],[-0.0,0.9372497346111577,0.3486587658030621,0.5030682258338414],[0.0,0.0,0.0,1.0]]},{"file_path":"./train/30","rotation":0.17453292519943295,"transform_matrix":[[-0.7695135765714533,-0.27749896657122325,0.5751896896017115,0.7740920445433803],[0.6386304529790371,-0.33437056010248467,0.6930710447454435,0.9327371330531244],[-0.0,0.9006612304793927,0.43452197632725803,0.5847810055272531],[0.0,0.0,0.0,1.0]]},{"file_path":"./train/31","rotation":0.17453292519943295,"transform_matrix":[[-0.6167848671189057,-0.2836331950685211,0.7342537969587465,1.0558192970905202],[0.7871317727630577,-0.2222507953360295,0.575350463873445,0.8273244549278043],[-0.0,0.9328219522651279,0.3603376269171392,0.5181470242887902],[0.0,0.0,0.0,1.0]]},{"file_path":"./train/32","rotation":0.17453292519943295,"transform_matrix":[[-0.4527604473179787,-0.37528920062942334,0.8088052875911187,1.1191996417607109],[0.8916321984677448,-0.19056748583393734,0.41070190649485455,0.5683165449974854],[-0.0,0.9071064156061628,0.4209013551488513,0.5824302253292599],[0.0,0.0,0.0,1.0]]},{"file_path":"./train/33","rotation":0.17453292519943295,"transform_matrix":[[-0.4128458279328279,-0.43368560751866025,0.8009214169877269,1.0274156494382312],[0.9108009235603891,-0.1965800528601698,0.3630398882478825,0.4657046929260685],[-0.0,0.8793594695280557,0.47615850654098013,0.610812360435151],[0.0,0.0,0.0,1.0]]},{"file_path":"./train/34","rotation":0.17453292519943295,"transform_matrix":[[-0.15834008184989676,-0.4770765204208225,0.864480429010934,1.1830069605256104],[0.9873846355295225,-0.07650547980381081,0.1386307796999667,0.18971068843720326],[-0.0,0.875525502325974,0.48317191016950767,0.6612014727909508],[0.0,0.0,0.0,1.0]]},{"file_path":"./train/35","rotation":0.17453292519943295,"transform_matrix":[[0.04685596322635952,-0.3466397324275452,0.9368273131226961,1.3367856954016166],[0.9989016561754867,0.016259997623396423,-0.043944211986985254,-0.06270525331300247],[-0.0,0.9378574030095658,0.347020880668805,0.49517402277422073],[0.0,0.0,0.0,1.0]]}]}