{
    "camera_angle_x": 0.8575560548920328,
    "frames": [
        {
            "file_path": "./train/00",
            "rotation": 0.17453292519943295,
            "transform_matrix": [
                [
                    0.15189032049636855,
                    -0.4217914530487636,
                    0.8938799140122363,
                    1.153609759025042
                ],
                [
                    0.9883973545793768,
                    0.06481810042224333,
                    -0.1373655099293179,
                    -0.17727906212438194
                ],
                [
                    -0.0,
                    0.9043730336496465,
                    0.4267427984246897,
                    0.5507391419577633
                ],
                [
                    0.0,
                    0.0,
                    0.0,
                    1.0
                ]
            ]
        },
        {
            "file_path": "./train/01",
            "rotation": 0.17453292519943295,
            "transform_matrix": [
                [
                    0.2825023926212082,
                    -0.34057514459585503,
                    0.8967725291548605,
                    1.3714063855789702
                ],
                [
                    0.959266593895197,
                    0.10029880517881831,
                    -0.26409799604769574,
                    -0.40387686556339075
                ],
                [
                    -0.0,
                    0.9348522453111047,
                    0.35503701136189464,
                    0.5429470781820689
                ],
                [
                    0.0,
                    0.0,
                    0.0,
                    1.0
                ]
            ]
        },
        {
            "file_path": "./train/02",
            "rotation": 0.17453292519943295,
            "transform_matrix": [
                [
                    0.4923617512436214,
                    -0.42347643252261724,
                    0.7604259444615441,
                    1.046521797325768
                ],
                [
                    0.8703906628131498,
                    0.2395517401959968,
                    -0.4301570153522495,
                    -0.5919954416566988
                ],
                [
                    -0.0,
                    0.8736605032087618,
                    0.48653604710546694,
                    0.6695860158231849
                ],
                [
                    0.0,
                    0.0,
                    0.0,
                    1.0
                ]
            ]
        },
        {
            "file_path": "./train/03",
            "rotation": 0.17453292519943295,
            "transform_matrix": [
                [
                    0.6928692622738182,
                    -0.3099901004758278,
                    0.6510286652699104,
                    0.8114018597035982
                ],
                [
                    0.7210632325920765,
                    0.2978693164769663,
                    -0.6255730851830263,
                    -0.7796755992112612
                ],
                [
                    -0.0,
                    0.9028731959187464,
                    0.4299069574820451,
                    0.535809440365927
                ],
                [
                    0.0,
                    0.0,
                    0.0,
                    1.0
                ]
            ]
        },
        {
            "file_path": "./train/04",
            "rotation": 0.17453292519943295,
            "transform_matrix": [
                [
                    0.761945036197346,
                    -0.32053668671422164,
                    0.5627574915400896,
                    0.7798839230438247
                ],
                [
                    0.6476416924613679,
                    0.3771087318866727,
                    -0.6620794835369848,
                    -0.9175269147898492
                ],
                [
                    -0.0,
                    0.8689333903154456,
                    0.4949290486472839,
                    0.6858855082160996
                ],
                [
                    0.0,
                    0.0,
                    0.0,
                    1.0
                ]
            ]
        },
        {
            "file_path": "./train/05",
            "rotation": 0.17453292519943295,
            "transform_matrix": [
                [
                    0.8823118696294826,
                    -0.17457968075034147,
                    0.4370900362397154,
                    0.6559129041081114
                ],
                [
                    0.4706652363526829,
                    0.3272681146281433,
                    -0.8193715985051065,
                    -1.2295782565595734
                ],
                [
                    -0.0,
                    0.9286643722125068,
                    0.37092112879040834,
                    0.5566174806294275
                ],
                [
                    0.0,
                    0.0,
                    0.0,
                    1.0
                ]
            ]
        },
        {
            "file_path": "./train/06",
            "rotation": 0.17453292519943295,
            "transform_matrix": [
                [
                    0.9263729040921563,
                    -0.13078876972902168,
                    0.3531678641618367,
                    0.590890234366278
                ],
                [
                    0.37660754448611966,
                    0.32171201615686057,
                    -0.8687163726420859,
                    -1.4534618608251442
                ],
                [
                    -0.0,
                    0.9377609910702497,
                    0.347281332102581,
                    0.5810413928915498
                ],
                [
                    0.0,
                    0.0,
                    0.0,
                    1.0
                ]
            ]
        },
        {
            "file_path": "./train/07",
            "rotation": 0.17453292519943295,
            "transform_matrix": [
                [
                    0.9676064389091298,
                    -0.10837560177397937,
                    0.22801865783685418,
                    0.39605076970525144
                ],
                [
                    0.2524634218685799,
                    0.41536682550291065,
                    -0.8739179714881953,
                    -1.517927912350029
                ],
                [
                    -0.0,
                    0.9031750268977561,
                    0.42927249013678664,
                    0.7456131079133356
                ],
                [
                    0.0,
                    0.0,
                    0.0,
                    1.0
                ]
            ]
        },
        {
            "file_path": "./train/08",
            "rotation": 0.17453292519943295,
            "transform_matrix": [
                [
                    0.9999848558500101,
                    -0.0018976326671548422,
                    0.005165952080211314,
                    0.007759267103833413
                ],
                [
                    0.00550345987852122,
                    0.3448019920208797,
                    -0.9386593089229972,
                    -1.4098675683293005
                ],
                [
                    -0.0,
                    0.9386735243356413,
                    0.3448072138330436,
                    0.517900907696718
                ],
                [
                    0.0,
                    0.0,
                    0.0,
                    1.0
                ]
            ]
        },
        {
            "file_path": "./train/09",
            "rotation": 0.17453292519943295,
            "transform_matrix": [
                [
                    0.9900330367314624,
                    0.0557258502111429,
                    -0.1293414697555431,
                    -0.1993506323846581
                ],
                [
                    -0.14083531581346634,
                    0.39173720306100346,
                    -0.9092345008619411,
                    -1.4013794112232822
                ],
                [
                    0.0,
                    0.9183880407301629,
                    0.395680940460635,
                    0.6098527088989057
                ],
                [
                    0.0,
                    0.0,
                    0.0,
                    1.0
                ]
            ]
        },
        {
            "file_path": "./train/10",
            "rotation": 0.17453292519943295,
            "transform_matrix": [
                [
                    0.9624416687178919,
                    0.11418486997996365,
                    -0.24630844440087368,
                    -0.2919084743991051
                ],
                [
                    -0.27148855282593315,
                    0.40479156731264665,
                    -0.8731768164106577,
                    -1.034831400032172
                ],
                [
                    0.0,
                    0.9072516753912498,
                    0.4205881566327922,
                    0.4984532603080122
                ],
                [
                    0.0,
                    0.0,
                    0.0,
                    1.0
                ]
            ]
        },
        {
            "file_path": "./train/11",
            "rotation": 0.17453292519943295,
            "transform_matrix": [
                [
                    0.8398336804260307,
                    0.22703211630423478,
                    -0.4930880320880726,
                    -0.8554565261943661
                ],
                [
                    -0.5428437981796124,
                    0.35124140397309805,
                    -0.7628565310154585,
                    -1.3234768551239278
                ],
                [
                    0.0,
                    0.9083423882553469,
                    0.4182273373400795,
                    0.7255809954368551
                ],
                [
                    0.0,
                    0.0,
                    0.0,
                    1.0
                ]
            ]
        },
        {
            "file_path": "./train/12",
            "rotation": 0.17453292519943295,
            "transform_matrix": [
                [
                    0.7308967522597405,
                    0.32952860581978755,
                    -0.5976628108579541,
                    -1.041424899895891
                ],
                [
                    -0.6824880493724147,
                    0.35290198559790026,
                    -0.6400548812601119,
                    -1.1152929018409532
                ],
                [
                    0.0,
                    0.8757117599458891,
                    0.48283425053787715,
                    0.84133662308834
                ],
                [
                    0.0,
                    0.0,
                    0.0,
                    1.0
                ]
            ]
        },
        {
            "file_path": "./train/13",
            "rotation": 0.17453292519943295,
            "transform_matrix": [
                [
                    0.5863053944801162,
                    0.31807811584937046,
                    -0.7450317420225999,
                    -0.9495717807355133
                ],
                [
                    -0.8100901088172324,
                    0.23021008793804712,
                    -0.5392191864242604,
                    -0.6872557156686993
                ],
                [
                    0.0,
                    0.9196899627751034,
                    0.3926453519026157,
                    0.5004416925800982
                ],
                [
                    0.0,
                    0.0,
                    0.0,
                    1.0
                ]
            ]
        },
        {
            "file_path": "./train/14",
            "rotation": 0.17453292519943295,
            "transform_matrix": [
                [
                    0.46373133293026103,
                    0.38866515643069405,
                    -0.7961737542995421,
                    -0.9886572876188391
                ],
                [
                    -0.8859758748739851,
                    0.20343241409455948,
                    -0.4167277313029891,
                    -0.5174761241257392
                ],
                [
                    0.0,
                    0.8986404448233809,
                    0.43868593655100935,
                    0.5447429606978449
                ],
                [
                    0.0,
                    0.0,
                    0.0,
                    1.0
                ]
            ]
        },
        {
            "file_path": "./train/15",
            "rotation": 0.17453292519943295,
            "transform_matrix": [
                [
                    0.3240710165884889,
                    0.4370187900401194,
                    -0.8390426409659841,
                    -1.379435022140252
                ],
                [
                    -0.9460327564134887,
                    0.1497042492413147,
                    -0.2874207048070667,
                    -0.4725363967707771
                ],
                [
                    0.0,
                    0.8869065423769092,
                    0.46194889878539125,
                    0.7594709235397791
                ],
                [
                    0.0,
                    0.0,
                    0.0,
                    1.0
                ]
            ]
        },
        {
            "file_path": "./train/16",
            "rotation": 0.17453292519943295,
            "transform_matrix": [
                [
                    0.20036761541222253,
                    0.4846476384060901,
                    -0.8514513992480248,
                    -1.4504219522747335
                ],
                [
                    -0.9797207860885773,
                    0.09911772109101069,
                    -0.17413459929521452,
                    -0.2966330734689075
                ],
                [
                    0.0,
                    0.8690755686090389,
                    0.4946793466952867,
                    0.842671448326276
                ],
                [
                    0.0,
                    0.0,
                    0.0,
                    1.0
                ]
            ]
        },
        {
            "file_path": "./train/17",
            "rotation": 0.17453292519943295,
            "transform_matrix": [
                [
                    0.002730745902418273,
                    0.45658384162138826,
                    -0.8896761987358499,
                    -1.0955831522540516
                ],
                [
                    -0.9999962715064574,
                    0.0012468191033749754,
                    -0.002429488692509889,
                    -0.002991770358572709
                ],
                [
                    0.0,
                    0.8896795159001799,
                    0.4565855439976407,
                    0.5622578532249647
                ],
                [
                    0.0,
                    0.0,
                    0.0,
                    1.0
                ]
            ]
        },
        {
            "file_path": "./train/18",
            "rotation": 0.17453292519943295,
            "transform_matrix": [
                [
                    -0.24880071387107344,
                    0.35525338958435326,
                    -0.9010511827671456,
                    -1.3006768178472963
                ],
                [
                    -0.9685546989082466,
                    -0.09125689755399018,
                    0.23146052335458048,
                    0.33411568924371066
                ],
                [
                    0.0,
                    0.9303049004695441,
                    0.3667871210420995,
                    0.5294610501029622
                ],
                [
                    0.0,
                    0.0,
                    0.0,
                    1.0
                ]
            ]
        },
        {
            "file_path": "./train/19",
            "rotation": 0.17453292519943295,
            "transform_matrix": [
                [
                    -0.34736205847323226,
                    0.42866327999985676,
                    -0.8340188203589911,
                    -1.2021175312590728
                ],
                [
                    -0.9377310916959289,
                    -0.15878897548693086,
                    0.3089441064829885,
                    0.4452982564860012
                ],
                [
                    0.0,
                    0.889400839691292,
                    0.4571281509122193,
                    0.658884129265918
                ],
                [
                    0.0,
                    0.0,
                    0.0,
                    1.0
                ]
            ]
        },
        {
            "file_path": "./train/20",
            "rotation": 0.17453292519943295,
            "transform_matrix": [
                [
                    -0.516317486101642,
                    0.36439584301185013,
                    -0.7750044665299445,
                    -1.043839506823059
                ],
                [
                    -0.8563972521824674,
                    -0.21969237422270516,
                    0.4672461954502253,
                    0.629325454609969
                ],
                [
                    0.0,
                    0.9049590765908003,
                    0.42549861303643055,
                    0.5730963904950376
                ],
                [
                    0.0,
                    0.0,
                    0.0,
                    1.0
                ]
            ]
        },
        {
            "file_path": "./train/21",
            "rotation": 0.17453292519943295,
            "transform_matrix": [
                [
                    -0.7050623893926359,
                    0.35444219979099073,
                    -0.6142131177948502,
                    -0.9760945032484575
                ],
                [
                    -0.7091452792368762,
                    -0.3524015058735834,
                    0.6106767979824382,
                    0.9704746585551098
                ],
                [
                    0.0,
                    0.8661315752617232,
                    0.4998160605009065,
                    0.7942971179804454
                ],
                [
                    0.0,
                    0.0,
                    0.0,
                    1.0
                ]
            ]
        },
        {
            "file_path": "./train/22",
            "rotation": 0.17453292519943295,
            "transform_matrix": [
                [
                    -0.749263892213877,
                    0.29305237686649294,
                    -0.5939056526397191,
                    -1.0069934640460334
                ],
                [
                    -0.6622715604829424,
                    -0.3315461173561473,
                    0.6719178165829152,
                    1.139266559709835
                ],
                [
                    0.0,
                    0.8967705818541121,
                    0.4424957892692734,
                    0.7502713026581642
                ],
                [
                    0.0,
                    0.0,
                    0.0,
                    1.0
                ]
            ]
        },
        {
            "file_path": "./train/23",
            "rotation": 0.17453292519943295,
            "transform_matrix": [
                [
                    -0.8218577722479237,
                    0.27847270488534226,
                    -0.49699371709260176,
                    -0.783030029258364
                ],
                [
                    -0.5696927261214417,
                    -0.4017340337607428,
                    0.7169797514035123,
                    1.1296252978879038
                ],
                [
                    0.0,
                    0.8723890867910736,
                    0.4888121124193186,
                    0.770139640655106
                ],
                [
                    0.0,
                    0.0,
                    0.0,
                    1.0
                ]
            ]
        },
        {
            "file_path": "./train/24",
            "rotation": 0.17453292519943295,
            "transform_matrix": [
                [
                    -0.9386339069843208,
                    0.16864938844966512,
                    -0.30087168765921357,
                    -0.4811557926506053
                ],
                [
                    -0.3449150455682521,
                    -0.4589536943226822,
                    0.8187765982294637,
                    1.309392406410426
                ],
                [
                    0.0,
                    0.8723066492026276,
                    0.48895921072916093,
                    0.7819464783894207
                ],
                [
                    0.0,
                    0.0,
                    0.0,
                    1.0
                ]
            ]
        },
        {
            "file_path": "./train/25",
            "rotation": 0.17453292519943295,
            "transform_matrix": [
                [
                    -0.9831313628910411,
                    0.07225589882412684,
                    -0.16802323763432708,
                    -0.29365762849344046
                ],
                [
                    -0.18290085647695586,
                    -0.388390965773477,
                    0.9031609681588004,
                    1.5784727862139982
                ],
                [
                    0.0,
                    0.9186574676073032,
                    0.3950550052958912,
                    0.6904456646177254
                ],
                [
                    0.0,
                    0.0,
                    0.0,
                    1.0
                ]
            ]
        },
        {
            "file_path": "./train/26",
            "rotation": 0.17453292519943295,
            "transform_matrix": [
                [
                    -0.999612582366475,
                    -0.013179825377124617,
                    0.024514839947586988,
                    0.033651997567329374
                ],
                [
                    0.027833166809173995,
                    -0.47334603966172706,
                    0.8804367334237773,
                    1.208592626943939
                ],
                [
                    -0.0,
                    0.8807779623376071,
                    0.47352949333744015,
                    0.6500231448347172
                ],
                [
                    0.0,
                    0.0,
                    0.0,
                    1.0
                ]
            ]
        },
        {
            "file_path": "./train/27",
            "rotation": 0.17453292519943295,
            "transform_matrix": [
                [
                    -0.9832499915401824,
                    -0.08083003800470412,
                    0.16335837625414043,
                    0.2697211708627252
                ],
                [
                    0.1822620479864945,
                    -0.43605421459001203,
                    0.8812702580945624,
                    1.4550661637941984
                ],
                [
                    -0.0,
                    0.8962830060279208,
                    0.44348255107225376,
                    0.7322344631187215
                ],
                [
                    0.0,
                    0.0,
                    0.0,
                    1.0
                ]
            ]
        },
        {
            "file_path": "./train/28",
            "rotation": 0.17453292519943295,
            "transform_matrix": [
                [
                    -0.9362586179467943,
                    -0.139804327562982,
                    0.3222957497625759,
                    0.4069693410240182
                ],
                [
                    0.351311543107195,
                    -0.3725838477990441,
                    0.8589304256101888,
                    1.084588765298846
                ],
                [
                    -0.0,
                    0.9174072303802282,
                    0.39794971245884675,
                    0.5024991249787805
                ],
                [
                    0.0,
                    0.0,
                    0.0,
                    1.0
                ]
            ]
        },
        {
            "file_path": "./train/29",
            "rotation": 0.17453292519943295,
            "transform_matrix": [
                [
                    -0.85379827969337,
                    -0.21249313773820475,
                    0.4752632575813266,
                    0.54587169131568
                ],
                [
                    0.5206039738540631,
                    -0.3484919143133228,
                    0.7794388289439997,
                    0.8952377130899236
                ],
                [
                    -0.0,
                    0.9129074718022676,
                    0.4081665688509925,
                    0.46880664920553605
                ],
                [
                    0.0,
                    0.0,
                    0.0,
                    1.0
                ]
            ]
        },
        {
            "file_path": "./train/30",
            "rotation": 0.17453292519943295,
            "transform_matrix": [
                [
                    -0.7683735101967502,
                    -0.26552517276456566,
                    0.5823216735244123,
                    0.9519955780218936
                ],
                [
                    0.6400016787696144,
                    -0.3187843341832095,
                    0.6991240229397379,
                    1.1429472894238846
                ],
                [
                    -0.0,
                    0.9098752282086349,
                    0.41488199417700045,
                    0.6782605590943224
                ],
                [
                    0.0,
                    0.0,
                    0.0,
                    1.0
                ]
            ]
        },
        {
            "file_path": "./train/31",
            "rotation": 0.17453292519943295,
            "transform_matrix": [
                [
                    -0.5861675344274055,
                    -0.36230518231146336,
                    0.7246672177306999,
                    0.8806465317783337
                ],
                [
                    0.8101898676133246,
                    -0.26212563735385996,
                    0.5242924075919242,
                    0.6371425105021421
                ],
                [
                    -0.0,
                    0.8944412250741185,
                    0.44718552625047026,
                    0.5434389373748294
                ],
                [
                    0.0,
                    0.0,
                    0.0,
                    1.0
                ]
            ]
        },
        {
            "file_path": "./train/32",
            "rotation": 0.17453292519943295,
            "transform_matrix": [
                [
                    -0.47273225853443596,
                    -0.38585033148617826,
                    0.7922396944315133,
                    1.0583242908196893
                ],
                [
                    0.8812061119516428,
                    -0.20699345611181086,
                    0.4250052910093669,
                    0.5677491627390139
                ],
                [
                    -0.0,
                    0.8990401719716946,
                    0.4378661544137727,
                    0.5849295239825432
                ],
                [
                    0.0,
                    0.0,
                    0.0,
                    1.0
                ]
            ]
        },
        {
            "file_path": "./train/33",
            "rotation": 0.17453292519943295,
            "transform_matrix": [
                [
                    -0.3859224601125303,
                    -0.4120908378232832,
                    0.8253756697182181,
                    1.1020460624335522
                ],
                [
                    0.9225312215750167,
                    -0.17238994865786564,
                    0.3452793808223219,
                    0.4610188984667328
                ],
                [
                    -0.0,
                    0.8946858929165269,
                    0.4466958171017018,
                    0.5964306732115475
                ],
                [
                    0.0,
                    0.0,
                    0.0,
                    1.0
                ]
            ]
        },
        {
            "file_path": "./train/34",
            "rotation": 0.17453292519943295,
            "transform_matrix": [
                [
                    -0.11860666686199949,
                    -0.3678216469134768,
                    0.9223013036083947,
                    1.1419541705939698
                ],
                [
                    0.9929413167835683,
                    -0.04393623147983874,
                    0.11016872962625716,
                    0.13640622622296675
                ],
                [
                    -0.0,
                    0.9288578166895123,
                    0.37043644039806933,
                    0.45865861448697787
                ],
                [
                    0.0,
                    0.0,
                    0.0,
                    1.0
                ]
            ]
        },
        {
            "file_path": "./train/35",
            "rotation": 0.17453292519943295,
            "transform_matrix": [
                [
                    0.01611518493648148,
                    -0.3804753978498355,
                    0.9246506218272242,
                    1.1152688443921603
                ],
                [
                    0.9998701419756783,
                    0.006132227719107762,
                    -0.014902851027169468,
                    -0.017975097891974892
                ],
                [
                    -0.0,
                    0.9247707107246695,
                    0.3805248120501337,
                    0.4589706180687516
                ],
                [
                    0.0,
                    0.0,
                    0.0,
                    1.0
                ]
            ]
        }
    ]
}