{"camera_angle_x":0.8575560548920328,"frames":[{"file_path":"./train/00","rotation":0.17453292519943295,"transform_matrix":[[0.2506339163476274,-0.3358062871998214,0.9079739960226404,1.3490431013405801],[0.9680819386685461,0.08693938140277997,-0.2350721250702674,-0.3492637785142107],[-0.0,0.9379102736607448,0.3468779591753085,0.5153818500115733],[0.0,0.0,0.0,1.0]]},{"file_path":"./train/01","rotation":0.17453292519943295,"transform_matrix":[[0.31364437310110493,-0.4744153085174818,0.8225310463844374,1.0646967178409643],[0.9495405242652969,0.15670494120792208,-0.27169165275916524,-0.35168181460018777],[-0.0,0.8662411191148134,0.49962618381617646,0.6467237442218863],[0.0,0.0,0.0,1.0]]},{"file_path":"./train/02","rotation":0.17453292519943295,"transform_matrix":[[0.464216010674888,-0.42652118863944544,0.7762623081630892,1.1731484952334728],[0.8857220192775452,0.22354413726782502,-0.406847051433449,-0.6148591798934145],[-0.0,0.8764175342465361,0.4815519760786177,0.7277591223644032],[0.0,0.0,0.0,1.0]]},{"file_path":"./train/03","rotation":0.17453292519943295,"transform_matrix":[[0.6161374927344585,-0.347362389955185,0.7069044914919674,1.1432870152457395],[0.7876386164015163,0.27172739827694525,-0.5529824870452474,-0.8943466970520878],[-0.0,0.8974985187008747,0.4410174700958406,0.7132640308918312],[0.0,0.0,0.0,1.0]]},{"file_path":"./train/04","rotation":0.17453292519943295,"transform_matrix":[[0.7850899949945741,-0.28493236694987056,0.5499520397487074,0.6860807719675035],[0.6193817076403044,0.3611626688083831,-0.6970852364666652,-0.8696336091065903],[-0.0,0.8879048783082287,0.4600270938504052,0.5738968507491475],[0.0,0.0,0.0,1.0]]},{"file_path":"./train/05","rotation":0.17453292519943295,"transform_matrix":[[0.8470497646590934,-0.22042461847126643,0.48365244108013267,0.6349541129721714],[0.5315135898459931,0.35128099218546116,-0.770775562883401,-1.0118983639124648],[-0.0,0.9099531043416439,0.4147111620140039,0.5444458368248624],[0.0,0.0,0.0,1.0]]},{"file_path":"./train/06","rotation":0.17453292519943295,"transform_matrix":[[0.9382872502974248,-0.14385656397169647,0.314519196443643,0.437881777492066],[0.34585695876951456,0.39027342496292233,-0.8532699560153354,-1.187944549157339],[-0.0,0.9093909735476636,0.4159423724869018,0.5790857520248913],[0.0,0.0,0.0,1.0]]},{"file_path":"./train/07","rotation":0.17453292519943295,"transform_matrix":[[0.9770131190292187,-0.10339461681785855,0.18642671068783537,0.28256992815971865],[0.2131791857682116,0.4738637907074241,-0.8544049055404545,-1.2950350938827728],[-0.0,0.8745070960658231,0.48501272038011667,0.735141488302309],[0.0,0.0,0.0,1.0]]},{"file_path":"./train/08","rotation":0.17453292519943295,"transform_matrix":[[0.9982900646286137,0.025440354276683792,-0.05262827413164037,-0.06294522781091466],[-0.05845465647660818,0.4344709976220382,-0.8987869632796821,-1.0749801526002731],[0.0,0.9003264633451511,0.43521518746524956,0.5205323483199732],[0.0,0.0,0.0,1.0]]},{"file_path":"./train/09","rotation":0.17453292519943295,"transform_matrix":[[0.9913092177057075,0.063880627950104,-0.11500130548997542,-0.18066761313594532],[-0.13155240359529072,0.4813705686030799,-0.8665889110709006,-1.3614154158180856],[0.0,0.874186273659938,0.48559073193848346,0.7628654138009751],[0.0,0.0,0.0,1.0]]},{"file_path":"./train/10","rotation":0.17453292519943295,"transform_matrix":[[0.9177822831800371,0.18503203667372214,-0.351338620258594,-0.5705892034932788],[-0.3970839718256558,0.4276655244962193,-0.8120508102800805,-1.3188058423316729],[0.0,0.8847967815050798,0.46597709754692024,0.7567670776976116],[0.0,0.0,0.0,1.0]]},{"file_path":"./train/11","rotation":0.17453292519943295,"transform_matrix":[[0.9061779899509204,0.17373966698387236,-0.3855593062614919,-0.6601599988217983],[-0.4228965009650822,0.37228745530620316,-0.8261722581236446,-1.414583614225111],[0.0,0.9117107977522065,0.4108325951796365,0.7034332751024379],[0.0,0.0,0.0,1.0]]},{"file_path":"./train/12","rotation":0.17453292519943295,"transform_matrix":[[0.8172699115008949,0.20890741782988803,-0.5370545433482227,-0.7558681184071468],[-0.5762550578999888,0.2962815589053703,-0.7616740418954057,-1.0720049425478004],[0.0,0.9319736737849692,0.3625259595832384,0.5102308849964496],[0.0,0.0,0.0,1.0]]},{"file_path":"./train/13","rotation":0.17453292519943295,"transform_matrix":[[0.6257482969269825,0.3005154317623122,-0.7198121589454376,-1.157006868457525],[-0.7800250437601224,0.2410781822068946,-0.577444578440943,-0.928169016189645],[0.0,0.9228064723096226,0.38526382475320675,0.6192627977564699],[0.0,0.0,0.0,1.0]]},{"file_path":"./train/14","rotation":0.17453292519943295,"transform_matrix":[[0.43855351822891897,0.3981501538514666,-0.8056967584873919,-1.2076168477789315],[-0.8987050748988998,0.19429082535734973,-0.39316696648233634,-0.589297459264426],[0.0,0.8965085220844324,0.44302648885815704,0.6640292967814241],[0.0,0.0,0.0,1.0]]},{"file_path":"./train/15","rotation":0.17453292519943295,"transform_matrix":[[0.2700498333031071,0.36226798883093747,-0.8920958422733244,-1.2337504068619969],[-0.9628463467931756,0.10160542263121969,-0.2502064159028844,-0.34603038461991525],[0.0,0.9265194236281931,0.37624693705023166,0.5203418620171995],[0.0,0.0,0.0,1.0]]},{"file_path":"./train/16","rotation":0.17453292519943295,"transform_matrix":[[0.10625140017514718,0.47343384592058535,-0.8743975260130052,-1.18144819492353],[-0.9943392982080215,0.050589380415741556,-0.09343486837541247,-0.12624516115500403],[0.0,0.87937540796067,0.47612907060376514,0.643325048711391],[0.0,0.0,0.0,1.0]]},{"file_path":"./train/17","rotation":0.17453292519943295,"transform_matrix":[[0.06381654583986635,0.40121855407845786,-0.9137565979735851,-1.2475625598465703],[-0.9979616467966433,0.02565667962325035,-0.058431894660721496,-0.0797777485177975],[0.0,0.9156229609691434,0.4020380496247818,0.5489072466977849],[0.0,0.0,0.0,1.0]]},{"file_path":"./train/18","rotation":0.17453292519943295,"transform_matrix":[[-0.14507258668497344,0.4830355248664891,-0.8634990598196888,-1.4271805281327705],[-0.9894210148326803,-0.07082446400733232,0.1266094416129509,0.20925851359409484],[0.0,0.8727316752673926,0.48820018740775845,0.8068912101011595],[0.0,0.0,0.0,1.0]]},{"file_path":"./train/19","rotation":0.17453292519943295,"transform_matrix":[[-0.4107935801469147,0.42553631984636614,-0.8063296317274292,-1.155664042731846],[-0.9117283775939413,-0.19173209105715233,0.3633045151780686,0.520702636034773],[0.0,0.8843967694143071,0.4667358506152457,0.6689445839344232],[0.0,0.0,0.0,1.0]]},{"file_path":"./train/20","rotation":0.17453292519943295,"transform_matrix":[[-0.5185227522770406,0.30216752822106013,-0.7998930805175262,-1.0650493661563096],[-0.8550638311676169,-0.18323864566693449,0.4850664319071201,0.6458609387046218],[0.0,0.9354776232614666,0.353385931209885,0.47052971354638273],[0.0,0.0,0.0,1.0]]},{"file_path":"./train/21","rotation":0.17453292519943295,"transform_matrix":[[-0.5829050827852079,0.31585850719156694,-0.7486354706383372,-1.2333519276995721],[-0.8125402540570958,-0.22659250217279084,0.5370606795287697,0.8847895275702821],[0.0,0.9213518553700256,0.3887296729170689,0.6404191495728725],[0.0,0.0,0.0,1.0]]},{"file_path":"./train/22","rotation":0.17453292519943295,"transform_matrix":[[-0.7382724499632137,0.25286287114388756,-0.6253112489170364,-0.9094895266500365],[-0.6745026238831945,-0.2767694072254024,0.6844303511671478,0.9954758325329851],[0.0,0.9270701503235713,0.37488789841635445,0.5452590495821287],[0.0,0.0,0.0,1.0]]},{"file_path":"./train/23","rotation":0.17453292519943295,"transform_matrix":[[-0.8909894488567361,0.17541932716591827,-0.41876707330284,-0.6877003459684374],[-0.4540240104069053,-0.3442478063887078,0.8218002468791265,1.3495624420476369],[0.0,0.9223456550844804,0.3863657497071663,0.6344908104840987],[0.0,0.0,0.0,1.0]]},{"file_path":"./train/24","rotation":0.17453292519943295,"transform_matrix":[[-0.9187996512386908,0.19430724875120373,-0.343586807031932,-0.48763912311463853],[-0.3947242086364355,-0.45228903745853544,0.7997671071700632,1.1350777237500143],[0.0,0.8704477696436297,0.4922607848716274,0.6986462010929742],[0.0,0.0,0.0,1.0]]},{"file_path":"./train/25","rotation":0.17453292519943295,"transform_matrix":[[-0.9945003663644839,0.03970917807248218,-0.09691337615476583,-0.1596594987377551],[-0.10473309553769158,-0.3770612521130345,0.9202476790810414,1.5160578341840825],[0.0,0.9253366918758591,0.37914641850905234,0.6246230348089421],[0.0,0.0,0.0,1.0]]},{"file_path":"./train/26","rotation":0.17453292519943295,"transform_matrix":[[-0.9990753151103049,-0.01898046911914329,0.03857792800633806,0.044054425817494296],[0.042994357039557576,-0.4410559773856459,0.8964491675913072,1.0237085140061808],[-0.0,0.8972788678022067,0.44146419265393444,0.5041341650893624],[0.0,0.0,0.0,1.0]]},{"file_path":"./train/27","rotation":0.17453292519943295,"transform_matrix":[[-0.9710264692771634,-0.09888749567673084,0.2175519688761987,0.3455644601716692],[0.23897195643657856,-0.40181441042066524,0.88398958343137,1.4041490167789543],[-0.0,0.9103661037061286,0.41380376656444573,0.6572952474230196],[0.0,0.0,0.0,1.0]]},{"file_path":"./train/28","rotation":0.17453292519943295,"transform_matrix":[[-0.9423217761964919,-0.16402102826003465,0.2917649266008674,0.4907406455619035],[0.33470833587750487,-0.4617769267035413,0.8214209638537013,1.3816076482389916],[-0.0,0.8716990147136529,0.49004165919567166,0.8242366996869708],[0.0,0.0,0.0,1.0]]},{"file_path":"./train/29","rotation":0.17453292519943295,"transform_matrix":[[-0.8771026714700484,-0.2114364639573737,0.43126039165370444,0.7424541420256058],[0.48030292909798533,-0.38611358821290803,0.7875438992826042,1.3558287321662579],[-0.0,0.8978924872759294,0.44021481266927504,0.7578699954197889],[0.0,0.0,0.0,1.0]]},{"file_path":"./train/30","rotation":0.17453292519943295,"transform_matrix":[[-0.7934410573785494,-0.2819399610520152,0.5394081449403573,0.6218397669452862],[0.6086470968188458,-0.36754096418693605,0.7031801697847628,0.8106392107739723],[-0.0,0.8862412188600378,0.4632240300259416,0.5340132987918411],[0.0,0.0,0.0,1.0]]},{"file_path":"./train/31","rotation":0.17453292519943295,"transform_matrix":[[-0.6920746368816839,-0.2990090693133383,0.6569827040748155,1.0141272484012702],[0.7218259464615312,-0.28668489139769,0.6299040213073809,0.9723282331837522],[-0.0,0.9101677589942779,0.41423984657120333,0.6394261419301835],[0.0,0.0,0.0,1.0]]},{"file_path":"./train/32","rotation":0.17453292519943295,"transform_matrix":[[-0.5380140432899861,-0.35405917001543763,0.7649725441809923,0.8751258452436718],[0.842935874917399,-0.22598255845092444,0.48825300209339584,0.5585596821742248],[-0.0,0.9075097726217354,0.42003096623468855,0.4805139179840664],[0.0,0.0,0.0,1.0]]},{"file_path":"./train/33","rotation":0.17453292519943295,"transform_matrix":[[-0.39733412308838556,-0.44851939016412457,0.8005972466080467,1.1766222103074464],[0.9176740132691912,-0.19419974413803417,0.34664227201415926,0.5094534087037362],[-0.0,0.8724200914831821,0.48875677384203703,0.7183163294368669],[0.0,0.0,0.0,1.0]]},{"file_path":"./train/34","rotation":0.17453292519943295,"transform_matrix":[[-0.14472020538173905,-0.4920219929209985,0.8584698134683107,1.397371933860605],[0.9894726181932815,-0.07196310697094027,0.12555974307405116,0.2043795346578068],[-0.0,0.8676034057777424,0.49725680516495907,0.8094084294605829],[0.0,0.0,0.0,1.0]]},{"file_path":"./train/35","rotation":0.17453292519943295,"transform_matrix":[[0.015417146984228074,-0.35107084014986284,0.9362219698209053,1.3447874124028247],[0.9998811487266208,0.005413154104725218,-0.014435587406537682,-0.020735249610374113],[-0.0,0.9363332542204768,0.3511125703259455,0.5043374115660383],[0.0,0.0,0.0,1.0]]}]}